0	0	-100.00000
0	1	-100.00000
0	2	-100.00000
0	3	-100.00000
0	4	-100.00000
0	5	-100.00000
0	6	-100.00000
0	7	-100.00000
0	8	-100.00000
0	9	-100.00000
0	10	-100.00000
0	11	-100.00000
0	12	-100.00000
0	13	-100.00000
0	14	-100.00000
0	15	-100.00000
0	16	-100.00000
0	17	-100.00000
0	18	-100.00000
0	19	-100.00000
1	0	-100.00000
1	1	54.96895
1	2	212.07357
1	3	193.32532
1	4	151.44064
1	5	96.61429
1	6	52.95244
1	7	23.84223
1	8	5.69721
1	9	-5.54610
1	10	-12.78377
1	11	-17.53493
1	12	-19.98918
1	13	-19.05630
1	14	-12.08340
1	15	6.09021
1	16	44.63442
1	17	115.17122
1	18	201.47093
1	19	50.71252
2	0	-100.00000
2	1	207.80222
2	2	700.00000
2	3	509.78707
2	4	415.82295
2	5	282.06409
2	6	191.35323
2	7	136.71928
2	8	104.49269
2	9	84.90218
2	10	71.94593
2	11	62.63323
2	12	56.63449
2	13	55.84740
2	14	64.63248
2	15	91.80982
2	16	157.27626
2	17	314.57953
2	18	740.00000
2	19	201.37913
3	0	-100.00000
3	1	176.23993
3	2	481.53862
3	3	730.00000
3	4	720.00000
3	5	424.46589
3	6	293.67709
3	7	227.18899
3	8	190.65209
3	9	168.71618
3	10	153.03211
3	11	139.48742
3	12	128.04653
3	13	121.17892
3	14	122.95612
3	15	139.24032
3	16	178.08126
3	17	245.87065
3	18	314.11271
3	19	114.80399
4	0	-100.00000
4	1	115.61888
4	2	319.91456
4	3	466.21891
4	4	489.78690
4	5	402.12236
4	6	331.70027
4	7	287.70749
4	8	262.21051
4	9	246.27834
4	10	231.97889
4	11	214.23781
4	12	194.88528
4	13	177.86562
4	14	166.77276
4	15	164.11409
4	16	169.93780
4	17	176.70911
4	18	155.77620
4	19	43.72413
5	0	-100.00000
5	1	66.32103
5	2	216.28183
5	3	325.17419
5	4	370.80633
5	5	362.53638
5	6	343.29414
5	7	329.73019
5	8	324.20412
5	9	322.20779
5	10	314.36731
5	11	290.59965
5	12	259.39117
5	13	228.62553
5	14	202.15519
5	15	180.50547
5	16	160.84675
5	17	135.25178
5	18	88.55886
5	19	4.31634
6	0	-100.00000
6	1	33.38339
6	2	153.71755
6	3	247.38969
6	4	305.72784
6	5	333.92270
6	6	349.20973
6	7	363.71500
6	8	382.66798
6	9	403.98140
6	10	412.68289
6	11	374.40230
6	12	323.45422
6	13	275.09014
6	14	232.71702
6	15	194.90585
6	16	157.69194
6	17	114.89241
6	18	58.89111
6	19	-15.01764
7	0	-100.00000
7	1	13.49500
7	2	117.81527
7	3	204.93919
7	4	270.79264
7	5	318.21684
7	6	355.90709
7	7	393.25211
7	8	438.77140
7	9	498.36694
7	10	557.98057
7	11	470.87243
7	12	384.93328
7	13	315.56377
7	14	258.71691
7	15	208.70897
7	16	160.12275
7	17	107.73481
7	18	47.13082
7	19	-23.27801
8	0	-100.00000
8	1	2.78134
8	2	99.10934
8	3	183.75917
8	4	254.28670
8	5	312.24491
8	6	362.94968
8	7	414.61495
8	8	480.79855
8	9	592.73441
8	10	850.00000
8	11	566.17359
8	12	429.84270
8	13	343.51476
8	14	277.87787
8	15	221.09037
8	16	166.35527
8	17	108.79326
8	18	45.17536
8	19	-25.22521
9	0	-100.00000
9	1	-1.47899
9	2	92.08158
9	3	176.70143
9	4	250.35009
9	5	313.52644
9	6	369.03175
9	7	421.45946
9	8	477.07346
9	9	541.77214
9	10	602.58180
9	11	513.97922
9	12	424.74916
9	13	350.77471
9	14	288.18944
9	15	231.41937
9	16	175.41471
9	17	115.90758
9	18	50.00258
9	19	-22.79818
10	0	-100.00000
10	1	-0.77888
10	2	93.99455
10	3	180.61489
10	4	256.88579
10	5	322.47899
10	6	378.19144
10	7	425.11768
10	8	464.26369
10	9	494.69888
10	10	504.57584
10	11	462.41235
10	12	404.40001
10	13	346.64547
10	14	292.68580
10	15	240.98295
10	16	187.97662
10	17	129.41978
10	18	61.72556
10	19	-15.97009
11	0	-100.00000
11	1	4.36891
11	2	104.06062
11	3	194.87777
11	4	274.09920
11	5	341.31229
11	6	396.13732
11	7	436.55615
11	8	460.16473
11	9	468.18385
11	10	458.61032
11	11	426.69432
11	12	383.79306
11	13	338.72137
11	14	294.92535
11	15	251.85002
11	16	206.08905
11	17	152.06936
11	18	83.44997
11	19	-2.80775
12	0	-100.00000
12	1	14.19390
12	2	123.00124
12	3	220.73638
12	4	303.32095
12	5	372.53364
12	6	428.48942
12	7	464.80486
12	8	471.65522
12	9	459.26148
12	10	434.98729
12	11	401.96155
12	12	365.35655
12	13	329.52158
12	14	296.44422
12	15	265.40274
12	16	232.46017
12	17	189.31865
12	18	122.81272
12	19	21.28911
13	0	-100.00000
13	1	29.40545
13	2	153.01406
13	3	261.74556
13	4	345.91457
13	5	417.01190
13	6	480.48187
13	7	522.51864
13	8	502.38982
13	9	462.21954
13	10	420.11580
13	11	380.80805
13	12	346.14999
13	13	317.56418
13	14	295.92721
13	15	280.85653
13	16	269.03026
13	17	249.93236
13	18	197.19314
13	19	65.15146
14	0	-100.00000
14	1	50.41385
14	2	197.90399
14	3	327.31724
14	4	401.57986
14	5	469.11752
14	6	553.90753
14	7	642.39801
14	8	553.16588
14	9	467.11107
14	10	402.44833
14	11	355.00484
14	12	320.87120
14	13	298.65794
14	14	288.84390
14	15	293.06592
14	16	312.87197
14	17	344.18739
14	18	350.87603
14	19	142.12358
15	0	-100.00000
15	1	74.34594
15	2	260.87083
15	3	448.03954
15	4	463.97010
15	5	503.97079
15	6	623.63272
15	7	940.00000
15	8	600.76462
15	9	450.61051
15	10	367.56163
15	11	315.89177
15	12	283.67203
15	13	267.35247
15	14	267.72455
15	15	289.69128
15	16	345.20431
15	17	463.06920
15	18	720.00000
15	19	252.46685
16	0	-100.00000
16	1	86.09908
16	2	323.19384
16	3	740.00000
16	4	502.29023
16	5	459.16282
16	6	496.65255
16	7	561.37523
16	8	459.28209
16	9	367.00474
16	10	301.29589
16	11	257.32860
16	12	230.57269
16	13	219.35536
16	14	225.01053
16	15	252.77035
16	16	315.18478
16	17	442.88512
16	18	720.00000
16	19	247.74380
17	0	-100.00000
17	1	46.85653
17	2	205.80547
17	3	364.20671
17	4	346.02798
17	5	333.73772
17	6	342.43943
17	7	349.56630
17	8	307.98376
17	9	256.83045
17	10	213.28860
17	11	181.55404
17	12	161.93475
17	13	154.48576
17	14	160.19187
17	15	181.19480
17	16	219.87934
17	17	273.28648
17	18	305.65294
17	19	118.50836
18	0	-100.00000
18	1	-4.47841
18	2	88.96478
18	3	164.99339
18	4	183.87728
18	5	187.32063
18	6	189.80115
18	7	186.46678
18	8	166.25618
18	9	139.04472
18	10	113.47404
18	11	93.66420
18	12	81.12652
18	13	76.46105
18	14	80.07639
18	15	91.93765
18	16	109.85131
18	17	124.72853
18	18	110.81691
18	19	20.63670
19	0	-100.00000
19	1	-53.73494
19	2	-10.46134
19	3	22.92479
19	4	37.16711
19	5	41.86637
19	6	42.97776
19	7	40.24350
19	8	31.52947
19	9	19.61820
19	10	7.89861
19	11	-1.49778
19	12	-7.55393
19	13	-9.84447
19	14	-8.28500
19	15	-3.37191
19	16	2.85971
19	17	4.95943
19	18	-7.75053
19	19	-46.77846
