0	0	-100.00000
0	1	-100.00000
0	2	-100.00000
0	3	-100.00000
0	4	-100.00000
0	5	-100.00000
0	6	-100.00000
0	7	-100.00000
0	8	-100.00000
0	9	-100.00000
0	10	-100.00000
0	11	-100.00000
0	12	-100.00000
0	13	-100.00000
0	14	-100.00000
0	15	-100.00000
0	16	-100.00000
0	17	-100.00000
0	18	-100.00000
0	19	-100.00000
1	0	-100.00000
1	1	54.85273
1	2	211.94821
1	3	192.94011
1	4	150.47610
1	5	94.55994
1	6	49.95838
1	7	20.26050
1	8	1.85659
1	9	-9.40839
1	10	-16.52757
1	11	-21.09004
1	12	-23.31289
1	13	-22.10170
1	14	-14.78585
1	15	3.81665
1	16	42.90023
1	17	114.11139
1	18	201.16625
1	19	50.55361
2	0	-100.00000
2	1	207.46269
2	2	700.00000
2	3	509.33612
2	4	414.40437
2	5	277.80526
2	6	185.01308
2	7	129.22704
2	8	96.57427
2	9	77.03740
2	10	64.38814
2	11	55.48028
2	12	49.94019
2	13	49.69193
2	14	59.14165
2	15	87.15221
2	16	153.67287
2	17	312.37909
2	18	740.00000
2	19	201.04819
3	0	-100.00000
3	1	174.99805
3	2	479.85902
3	3	730.00000
3	4	720.00000
3	5	417.24366
3	6	283.06164
3	7	215.06030
3	8	178.17604
3	9	156.59559
3	10	141.56246
3	11	128.68285
3	12	117.90145
3	13	111.78757
3	14	114.50833
3	15	131.97766
3	16	172.25996
3	17	241.73209
3	18	311.78004
3	19	113.63916
4	0	-100.00000
4	1	112.67047
4	2	314.43805
4	3	458.80608
4	4	479.84329
4	5	388.10772
4	6	314.92954
4	7	269.77649
4	8	244.47401
4	9	229.60645
4	10	216.58325
4	11	199.78719
4	12	181.19520
4	13	165.04858
4	14	155.12643
4	15	153.99015
4	16	161.65721
4	17	170.50928
4	18	151.74889
4	19	41.72843
5	0	-100.00000
5	1	61.24577
5	2	206.41664
5	3	310.94298
5	4	352.45936
5	5	340.41440
5	6	318.77230
5	7	304.64209
5	8	300.33706
5	9	300.77293
5	10	295.37693
5	11	272.68745
5	12	242.04357
5	13	212.08511
5	14	186.95866
5	15	167.19931
5	16	149.86944
5	17	126.89893
5	18	82.97782
5	19	1.52565
6	0	-100.00000
6	1	25.89599
6	2	139.03973
6	3	226.08984
6	4	278.63678
6	5	302.31821
6	6	315.10318
6	7	329.68253
6	8	351.45919
6	9	377.77131
6	10	391.46406
6	11	353.54213
6	12	302.20653
6	13	254.28962
6	14	213.42380
6	15	177.97899
6	16	143.72231
6	17	104.23919
6	18	51.73780
6	19	-18.60363
7	0	-100.00000
7	1	3.29847
7	2	97.75646
7	3	175.73988
7	4	233.67972
7	5	275.11848
7	6	309.63967
7	7	347.52565
7	8	398.04588
7	9	467.38904
7	10	539.16589
7	11	447.81047
7	12	358.95079
7	13	289.44306
7	14	234.46793
7	15	187.57053
7	16	142.80162
7	17	94.59771
7	18	38.33783
7	19	-27.67799
8	0	-100.00000
8	1	-10.45859
8	2	72.94778
8	3	145.43347
8	4	205.22375
8	5	254.83631
8	6	300.81136
8	7	352.73454
8	8	425.80963
8	9	554.57308
8	10	850.00000
8	11	539.58307
8	12	396.34310
8	13	310.06389
8	14	247.43432
8	15	195.03357
8	16	145.31595
8	17	93.01218
8	18	34.69380
8	19	-30.44614
9	0	-100.00000
9	1	-18.08060
9	2	59.05976
9	3	127.82249
9	4	186.94550
9	5	238.19166
9	6	286.03491
9	7	336.79151
9	8	397.88504
9	9	475.09363
9	10	552.25625
9	11	464.17872
9	12	376.77465
9	13	307.03508
9	14	250.17189
9	15	199.81350
9	16	150.41641
9	17	97.44128
9	18	37.87133
9	19	-28.80039
10	0	-100.00000
10	1	-20.92358
10	2	53.54937
10	3	119.85122
10	4	176.54410
10	5	224.94994
10	6	268.34510
10	7	310.51155
10	8	353.84538
10	9	395.66016
10	10	419.75264
10	11	388.10092
10	12	339.54168
10	13	291.12989
10	14	246.40468
10	15	203.63211
10	16	159.09492
10	17	108.46521
10	18	48.15061
10	19	-22.62673
11	0	-100.00000
11	1	-19.16309
11	2	56.21009
11	3	121.48891
11	4	174.42973
11	5	216.71890
11	6	251.88399
11	7	283.06422
11	8	311.32476
11	9	333.94900
11	10	342.99324
11	11	328.93065
11	12	302.16127
11	13	271.53812
11	14	240.68481
11	15	209.21534
11	16	173.86595
11	17	129.17403
11	18	68.89263
11	19	-9.85713
12	0	-100.00000
12	1	-11.93888
12	2	68.96516
12	3	135.46462
12	4	182.96700
12	5	215.61196
12	6	239.40773
12	7	258.53660
12	8	274.44042
12	9	285.81783
12	10	289.34068
12	11	282.46716
12	12	268.63462
12	13	252.17653
12	14	235.58112
12	15	218.67847
12	16	197.97952
12	17	165.47233
12	18	108.10301
12	19	14.30556
13	0	-100.00000
13	1	2.44240
13	2	96.12483
13	3	168.43741
13	4	206.36168
13	5	223.35421
13	6	231.59836
13	7	237.23404
13	8	242.08251
13	9	245.54120
13	10	246.08449
13	11	242.96269
13	12	237.73351
13	13	232.95224
13	14	230.78466
13	15	231.93792
13	16	233.90132
13	17	226.63276
13	18	183.74152
13	19	58.97637
14	0	-100.00000
14	1	25.58364
14	2	144.65436
14	3	235.79849
14	4	250.68811
14	5	239.84484
14	6	226.39747
14	7	216.71868
14	8	211.11438
14	9	208.17998
14	10	206.49340
14	11	205.56558
14	12	206.38451
14	13	211.11427
14	14	222.66737
14	15	244.38721
14	16	279.05508
14	17	323.41587
14	18	341.25395
14	19	137.85840
15	0	-100.00000
15	1	55.23779
15	2	221.11048
15	3	379.41410
15	4	320.74742
15	5	258.93957
15	6	217.42799
15	7	192.12885
15	8	177.47633
15	9	169.57096
15	10	166.14355
15	11	166.42173
15	12	171.12466
15	13	182.45296
15	14	204.38335
15	15	243.88846
15	16	314.51593
15	17	446.72169
15	18	720.00000
15	19	251.20327
16	0	-100.00000
16	1	74.25704
16	2	305.13568
16	3	740.00000
16	4	393.94790
16	5	257.73802
16	6	192.24609
16	7	156.89238
16	8	137.09113
16	9	126.48397
16	10	122.08810
16	11	122.85312
16	12	129.23946
16	13	143.18955
16	14	168.52463
16	15	212.26734
16	16	288.39848
16	17	428.95497
16	18	720.00000
16	19	246.95469
17	0	-100.00000
17	1	36.65469
17	2	185.17520
17	3	328.35199
17	4	257.30615
17	5	185.81853
17	6	136.92597
17	7	106.10344
17	8	87.51185
17	9	77.18567
17	10	72.87178
17	11	73.66319
17	12	79.79049
17	13	92.54118
17	14	114.25825
17	15	148.25780
17	16	197.85569
17	17	260.69971
17	18	300.83675
17	19	116.61549
18	0	-100.00000
18	1	-12.81348
18	2	70.55842
18	3	130.92664
18	4	121.10616
18	5	91.30398
18	6	63.53583
18	7	43.08357
18	8	29.66716
18	9	21.87510
18	10	18.55016
18	11	19.13737
18	12	23.71813
18	13	32.92641
18	14	47.70940
18	15	68.64992
18	16	94.06676
18	17	115.15144
18	18	106.03180
18	19	18.67051
19	0	-100.00000
19	1	-58.46704
19	2	-21.05466
19	3	3.68996
19	4	4.88788
19	5	-5.24459
19	6	-17.17023
19	7	-26.97214
19	8	-33.80190
19	9	-37.90260
19	10	-39.68361
19	11	-39.38199
19	12	-36.98173
19	13	-32.26308
19	14	-24.99699
19	15	-15.43427
19	16	-5.39000
19	17	-0.19251
19	18	-10.53149
19	19	-47.96524
