0	0	-100.00000
0	1	-100.00000
0	2	-100.00000
0	3	-100.00000
0	4	-100.00000
0	5	-100.00000
0	6	-100.00000
0	7	-100.00000
0	8	-100.00000
0	9	-100.00000
0	10	-100.00000
0	11	-100.00000
0	12	-100.00000
0	13	-100.00000
0	14	-100.00000
0	15	-100.00000
0	16	-100.00000
0	17	-100.00000
0	18	-100.00000
0	19	-100.00000
1	0	-100.00000
1	1	54.62561
1	2	211.50573
1	3	191.39731
1	4	146.53697
1	5	85.96172
1	6	36.23802
1	7	1.76057
1	8	-20.66753
1	9	-34.82041
1	10	-43.34289
1	11	-47.67548
1	12	-48.20751
1	13	-44.22801
1	14	-33.47134
1	15	-11.04202
1	16	32.15217
1	17	107.80826
1	18	199.37590
1	19	49.69536
2	0	-100.00000
2	1	206.99670
2	2	700.00000
2	3	507.54654
2	4	408.78885
2	5	261.07188
2	6	157.22980
2	7	91.47181
2	8	50.38970
2	9	24.72877
2	10	9.12435
2	11	0.84846
2	12	-0.92655
2	13	4.76682
2	14	21.38466
2	15	57.15110
2	16	131.84244
2	17	299.70497
2	18	740.00000
2	19	199.40552
3	0	-100.00000
3	1	173.36121
3	2	477.52113
3	3	730.00000
3	4	720.00000
3	5	392.30717
3	6	240.13749
3	7	156.50715
3	8	106.02577
3	9	74.22143
3	10	54.26307
3	11	42.87153
3	12	38.88602
3	13	42.83719
3	14	57.09206
3	15	86.41931
3	16	138.36153
3	17	219.16918
3	18	299.85142
3	19	107.92673
4	0	-100.00000
4	1	108.92700
4	2	306.72332
4	3	446.21148
4	4	458.15632
4	5	348.01930
4	6	254.50583
4	7	188.39353
4	8	142.98481
4	9	111.86810
4	10	90.83496
4	11	77.48856
4	12	70.76193
4	13	70.60384
4	14	77.72709
4	15	93.07254
4	16	116.01518
4	17	138.75880
4	18	132.30979
4	19	32.44997
5	0	-100.00000
5	1	55.62348
5	2	194.23367
5	3	289.96627
5	4	318.39451
5	5	287.10788
5	6	241.47301
5	7	199.57633
5	8	165.65185
5	9	139.43120
5	10	119.72013
5	11	105.48581
5	12	96.06929
5	13	91.08916
5	14	90.13992
5	15	92.12857
5	16	93.86785
5	17	87.54107
5	18	58.17895
5	19	-10.43663
6	0	-100.00000
6	1	19.33324
6	2	124.62162
6	3	201.02541
6	4	238.34756
6	5	240.54469
6	6	224.70199
6	7	202.78692
6	8	180.61508
6	9	160.48470
6	10	143.12854
6	11	128.66525
6	12	116.94029
6	13	107.54357
6	14	99.61488
6	15	91.43397
6	16	79.78658
6	17	59.35867
6	18	23.30158
6	19	-32.37545
7	0	-100.00000
7	1	-2.91215
7	2	83.89417
7	3	151.16619
7	4	193.42564
7	5	212.02134
7	6	214.00335
7	7	206.25429
7	8	193.53683
7	9	178.76399
7	10	163.64410
7	11	149.10636
7	12	135.48303
7	13	122.52996
7	14	109.34205
7	15	94.20587
7	16	74.48581
7	17	46.80546
7	18	8.04414
7	19	-42.36673
8	0	-100.00000
8	1	-14.87602
8	2	62.70101
8	3	126.31954
8	4	172.16745
8	5	200.11170
8	6	213.03576
8	7	214.69007
8	8	208.51396
8	9	197.39034
8	10	183.57748
8	11	168.63308
8	12	153.35551
8	13	137.75117
8	14	121.01749
8	15	101.56164
8	16	77.14535
8	17	45.33320
8	18	4.43625
8	19	-45.13561
9	0	-100.00000
9	1	-19.29292
9	2	55.46635
9	3	119.24350
9	4	168.81294
9	5	203.22224
9	6	223.33792
9	7	230.95627
9	8	228.43859
9	9	218.70592
9	10	204.64243
9	11	188.49294
9	12	171.55477
9	13	154.10173
9	14	135.41512
9	15	113.87783
9	16	87.20076
9	17	52.94575
9	18	9.50327
9	19	-42.61198
10	0	-100.00000
10	1	-17.76202
10	2	59.21382
10	3	126.37518
10	4	180.61857
10	5	220.62642
10	6	246.13740
10	7	257.35849
10	8	255.57823
10	9	244.35232
10	10	227.79337
10	11	209.14149
10	12	190.26890
10	13	171.68587
10	14	152.66342
10	15	131.33380
10	16	104.83411
10	17	69.74579
10	18	23.24304
10	19	-34.81555
11	0	-100.00000
11	1	-10.96897
11	2	72.77575
11	3	146.42484
11	4	206.65973
11	5	252.52746
11	6	283.22676
11	7	296.76207
11	8	292.16350
11	9	275.33178
11	10	253.03722
11	11	230.01077
11	12	208.69346
11	13	189.70942
11	14	172.21891
11	15	153.95983
11	16	131.05609
11	17	97.96024
11	18	48.53866
11	19	-19.89328
12	0	-100.00000
12	1	1.11038
12	2	96.43329
12	3	179.88872
12	4	247.06803
12	5	299.59694
12	6	337.48012
12	7	354.29952
12	8	340.98193
12	9	311.77408
12	10	279.01296
12	11	249.17090
12	12	224.78475
12	13	206.23943
12	14	192.54296
12	15	181.23053
12	16	167.47016
12	17	142.50045
12	18	92.84462
12	19	6.70378
13	0	-100.00000
13	1	18.97721
13	2	131.95833
13	3	229.62872
13	4	302.12673
13	5	361.31215
13	6	412.79727
13	7	441.97396
13	8	405.69062
13	9	351.76965
13	10	302.06965
13	11	262.87511
13	12	235.03523
13	13	217.92060
13	14	210.48295
13	15	210.94919
13	16	215.09357
13	17	211.72676
13	18	173.63560
13	19	53.86380
14	0	-100.00000
14	1	42.84014
14	2	182.79409
14	3	304.54110
14	4	370.49801
14	5	430.72766
14	6	510.42284
14	7	595.10843
14	8	488.03692
14	9	387.54426
14	10	314.62088
14	11	265.22465
14	12	234.56046
14	13	219.92478
14	14	220.51907
14	15	236.98971
14	16	270.22817
14	17	315.67743
14	18	336.10721
14	19	135.11580
15	0	-100.00000
15	1	69.58926
15	2	251.83677
15	3	435.24360
15	4	444.59654
15	5	480.67766
15	6	603.05801
15	7	940.00000
15	8	563.80437
15	9	395.74960
15	10	303.64495
15	11	248.84217
15	12	218.05717
15	13	206.69898
15	14	214.67883
15	15	246.26240
15	16	313.15198
15	17	444.64759
15	18	720.00000
15	19	250.49221
16	0	-100.00000
16	1	83.68014
16	2	319.72013
16	3	740.00000
16	4	491.96688
16	5	444.32842
16	6	481.13152
16	7	546.88953
16	8	431.43097
16	9	328.00483
16	10	255.36714
16	11	208.44191
16	12	182.12706
16	13	174.13516
16	14	185.23488
16	15	220.22907
16	16	291.46976
16	17	429.76094
16	18	720.00000
16	19	246.85305
17	0	-100.00000
17	1	45.41118
17	2	203.36360
17	3	361.12973
17	4	338.94256
17	5	323.53764
17	6	330.25012
17	7	334.99564
17	8	287.02513
17	9	229.47161
17	10	181.37689
17	11	147.43124
17	12	127.87403
17	13	122.47970
17	14	131.89647
17	15	157.94922
17	16	202.73707
17	17	262.92640
17	18	301.74019
17	19	116.91999
18	0	-100.00000
18	1	-5.39904
18	2	87.19338
18	3	162.21278
18	4	179.13598
18	5	180.62945
18	6	181.33569
18	7	175.81777
18	8	152.20230
18	9	121.47961
18	10	93.23755
18	11	72.03215
18	12	59.45811
18	13	56.01314
18	14	61.92207
18	15	76.93428
18	16	98.60292
18	17	117.46739
18	18	107.11436
18	19	19.08670
19	0	-100.00000
19	1	-54.20072
19	2	-11.40383
19	3	21.39202
19	4	34.75912
19	5	38.50850
19	6	38.64541
19	7	34.73747
19	8	24.48668
19	9	11.00696
19	10	-1.93845
19	11	-11.99829
19	12	-18.08688
19	13	-19.80733
19	14	-17.15559
19	15	-10.73710
19	16	-2.72708
19	17	1.22587
19	18	-9.83682
19	19	-47.68753
