0	0	-100.00000
0	1	-100.00000
0	2	-100.00000
0	3	-100.00000
0	4	-100.00000
0	5	-100.00000
0	6	-100.00000
0	7	-100.00000
0	8	-100.00000
0	9	-100.00000
0	10	-100.00000
0	11	-100.00000
0	12	-100.00000
0	13	-100.00000
0	14	-100.00000
0	15	-100.00000
0	16	-100.00000
0	17	-100.00000
0	18	-100.00000
0	19	-100.00000
0	20	-100.00000
0	21	-100.00000
0	22	-100.00000
0	23	-100.00000
0	24	-100.00000
0	25	-100.00000
0	26	-100.00000
0	27	-100.00000
0	28	-100.00000
0	29	-100.00000
0	30	-100.00000
0	31	-100.00000
0	32	-100.00000
0	33	-100.00000
0	34	-100.00000
0	35	-100.00000
0	36	-100.00000
0	37	-100.00000
0	38	-100.00000
0	39	-100.00000
0	40	-100.00000
0	41	-100.00000
0	42	-100.00000
0	43	-100.00000
0	44	-100.00000
0	45	-100.00000
0	46	-100.00000
0	47	-100.00000
0	48	-100.00000
0	49	-100.00000
0	50	-100.00000
0	51	-100.00000
0	52	-100.00000
0	53	-100.00000
0	54	-100.00000
0	55	-100.00000
0	56	-100.00000
0	57	-100.00000
0	58	-100.00000
0	59	-100.00000
0	60	-100.00000
0	61	-100.00000
0	62	-100.00000
0	63	-100.00000
0	64	-100.00000
0	65	-100.00000
0	66	-100.00000
0	67	-100.00000
0	68	-100.00000
0	69	-100.00000
0	70	-100.00000
0	71	-100.00000
0	72	-100.00000
0	73	-100.00000
0	74	-100.00000
0	75	-100.00000
0	76	-100.00000
0	77	-100.00000
0	78	-100.00000
0	79	-100.00000
0	80	-100.00000
0	81	-100.00000
0	82	-100.00000
0	83	-100.00000
0	84	-100.00000
0	85	-100.00000
0	86	-100.00000
0	87	-100.00000
0	88	-100.00000
0	89	-100.00000
0	90	-100.00000
0	91	-100.00000
0	92	-100.00000
0	93	-100.00000
0	94	-100.00000
0	95	-100.00000
0	96	-100.00000
0	97	-100.00000
0	98	-100.00000
0	99	-100.00000
0	100	-100.00000
1	0	-100.00000
1	1	100.00000
1	2	100.00000
1	3	-25.65313
1	4	-67.75060
1	5	-83.89683
1	6	-90.97205
1	7	-94.46360
1	8	-96.36535
1	9	-97.48621
1	10	-98.18941
1	11	-98.65313
1	12	-98.97151
1	13	-99.19749
1	14	-99.36241
1	15	-99.48564
1	16	-99.57961
1	17	-99.65252
1	18	-99.70998
1	19	-99.75588
1	20	-99.79298
1	21	-99.82329
1	22	-99.84829
1	23	-99.86909
1	24	-99.88653
1	25	-99.90125
1	26	-99.91375
1	27	-99.92443
1	28	-99.93360
1	29	-99.94151
1	30	-99.94836
1	31	-99.95432
1	32	-99.95951
1	33	-99.96406
1	34	-99.96805
1	35	-99.97156
1	36	-99.97465
1	37	-99.97738
1	38	-99.97980
1	39	-99.98195
1	40	-99.98385
1	41	-99.98555
1	42	-99.98706
1	43	-99.98840
1	44	-99.98960
1	45	-99.99067
1	46	-99.99163
1	47	-99.99249
1	48	-99.99325
1	49	-99.99394
1	50	-99.99455
1	51	-99.99511
1	52	-99.99560
1	53	-99.99604
1	54	-99.99644
1	55	-99.99680
1	56	-99.99712
1	57	-99.99741
1	58	-99.99767
1	59	-99.99790
1	60	-99.99811
1	61	-99.99830
1	62	-99.99847
1	63	-99.99863
1	64	-99.99876
1	65	-99.99889
1	66	-99.99900
1	67	-99.99910
1	68	-99.99919
1	69	-99.99927
1	70	-99.99934
1	71	-99.99941
1	72	-99.99947
1	73	-99.99952
1	74	-99.99957
1	75	-99.99961
1	76	-99.99965
1	77	-99.99969
1	78	-99.99972
1	79	-99.99975
1	80	-99.99977
1	81	-99.99980
1	82	-99.99982
1	83	-99.99984
1	84	-99.99985
1	85	-99.99987
1	86	-99.99988
1	87	-99.99990
1	88	-99.99991
1	89	-99.99992
1	90	-99.99993
1	91	-99.99994
1	92	-99.99995
1	93	-99.99995
1	94	-99.99996
1	95	-99.99997
1	96	-99.99998
1	97	-99.99998
1	98	-99.99999
1	99	-99.99999
1	100	-100.00000
2	0	-100.00000
2	1	-14.57590
2	2	1.36886
2	3	-34.86192
2	4	-61.45244
2	5	-76.86469
2	6	-85.52775
2	7	-90.51700
2	8	-93.51158
2	9	-95.39007
2	10	-96.61831
2	11	-97.45159
2	12	-98.03542
2	13	-98.45604
2	14	-98.76651
2	15	-99.00055
2	16	-99.18026
2	17	-99.32050
2	18	-99.43152
2	19	-99.52055
2	20	-99.59274
2	21	-99.65189
2	22	-99.70078
2	23	-99.74155
2	24	-99.77578
2	25	-99.80472
2	26	-99.82933
2	27	-99.85038
2	28	-99.86847
2	29	-99.88408
2	30	-99.89762
2	31	-99.90940
2	32	-99.91968
2	33	-99.92868
2	34	-99.93658
2	35	-99.94353
2	36	-99.94966
2	37	-99.95508
2	38	-99.95988
2	39	-99.96414
2	40	-99.96792
2	41	-99.97128
2	42	-99.97428
2	43	-99.97695
2	44	-99.97933
2	45	-99.98146
2	46	-99.98336
2	47	-99.98506
2	48	-99.98658
2	49	-99.98795
2	50	-99.98917
2	51	-99.99027
2	52	-99.99125
2	53	-99.99213
2	54	-99.99293
2	55	-99.99364
2	56	-99.99428
2	57	-99.99485
2	58	-99.99537
2	59	-99.99583
2	60	-99.99625
2	61	-99.99663
2	62	-99.99696
2	63	-99.99727
2	64	-99.99754
2	65	-99.99779
2	66	-99.99801
2	67	-99.99821
2	68	-99.99838
2	69	-99.99855
2	70	-99.99869
2	71	-99.99882
2	72	-99.99894
2	73	-99.99905
2	74	-99.99914
2	75	-99.99923
2	76	-99.99931
2	77	-99.99938
2	78	-99.99944
2	79	-99.99950
2	80	-99.99955
2	81	-99.99959
2	82	-99.99964
2	83	-99.99967
2	84	-99.99971
2	85	-99.99974
2	86	-99.99977
2	87	-99.99979
2	88	-99.99982
2	89	-99.99984
2	90	-99.99986
2	91	-99.99988
2	92	-99.99989
2	93	-99.99991
2	94	-99.99992
2	95	-99.99994
2	96	-99.99995
2	97	-99.99996
2	98	-99.99998
2	99	-99.99999
2	100	-100.00000
3	0	-100.00000
3	1	-59.67245
3	2	-45.08673
3	3	-53.71097
3	4	-66.33256
3	5	-76.58172
3	6	-83.75728
3	7	-88.56506
3	8	-91.77389
3	9	-93.94420
3	10	-95.44218
3	11	-96.49951
3	12	-97.26253
3	13	-97.82475
3	14	-98.24704
3	15	-98.56980
3	16	-98.82037
3	17	-99.01770
3	18	-99.17507
3	19	-99.30204
3	20	-99.40555
3	21	-99.49073
3	22	-99.56142
3	23	-99.62053
3	24	-99.67032
3	25	-99.71251
3	26	-99.74847
3	27	-99.77928
3	28	-99.80581
3	29	-99.82874
3	30	-99.84864
3	31	-99.86597
3	32	-99.88112
3	33	-99.89439
3	34	-99.90605
3	35	-99.91632
3	36	-99.92539
3	37	-99.93340
3	38	-99.94050
3	39	-99.94680
3	40	-99.95240
3	41	-99.95738
3	42	-99.96182
3	43	-99.96578
3	44	-99.96931
3	45	-99.97247
3	46	-99.97529
3	47	-99.97781
3	48	-99.98008
3	49	-99.98210
3	50	-99.98392
3	51	-99.98554
3	52	-99.98700
3	53	-99.98832
3	54	-99.98949
3	55	-99.99055
3	56	-99.99150
3	57	-99.99235
3	58	-99.99312
3	59	-99.99381
3	60	-99.99443
3	61	-99.99499
3	62	-99.99549
3	63	-99.99594
3	64	-99.99634
3	65	-99.99671
3	66	-99.99704
3	67	-99.99733
3	68	-99.99760
3	69	-99.99784
3	70	-99.99806
3	71	-99.99825
3	72	-99.99842
3	73	-99.99858
3	74	-99.99872
3	75	-99.99885
3	76	-99.99897
3	77	-99.99907
3	78	-99.99917
3	79	-99.99925
3	80	-99.99933
3	81	-99.99940
3	82	-99.99946
3	83	-99.99952
3	84	-99.99957
3	85	-99.99961
3	86	-99.99965
3	87	-99.99969
3	88	-99.99973
3	89	-99.99976
3	90	-99.99979
3	91	-99.99982
3	92	-99.99984
3	93	-99.99987
3	94	-99.99989
3	95	-99.99991
3	96	-99.99993
3	97	-99.99995
3	98	-99.99996
3	99	-99.99998
3	100	-100.00000
4	0	-100.00000
4	1	-79.02719
4	2	-68.33237
4	3	-68.56268
4	4	-73.58510
4	5	-79.37235
4	6	-84.35459
4	7	-88.21207
4	8	-91.07472
4	9	-93.17065
4	10	-94.70668
4	11	-95.84174
4	12	-96.69043
4	13	-97.33340
4	14	-97.82712
4	15	-98.21121
4	16	-98.51375
4	17	-98.75484
4	18	-98.94903
4	19	-99.10700
4	20	-99.23670
4	21	-99.34406
4	22	-99.43362
4	23	-99.50885
4	24	-99.57245
4	25	-99.62653
4	26	-99.67276
4	27	-99.71247
4	28	-99.74674
4	29	-99.77642
4	30	-99.80223
4	31	-99.82474
4	32	-99.84443
4	33	-99.86172
4	34	-99.87692
4	35	-99.89032
4	36	-99.90216
4	37	-99.91263
4	38	-99.92192
4	39	-99.93017
4	40	-99.93750
4	41	-99.94403
4	42	-99.94985
4	43	-99.95504
4	44	-99.95967
4	45	-99.96381
4	46	-99.96752
4	47	-99.97083
4	48	-99.97380
4	49	-99.97646
4	50	-99.97885
4	51	-99.98099
4	52	-99.98291
4	53	-99.98463
4	54	-99.98618
4	55	-99.98757
4	56	-99.98882
4	57	-99.98994
4	58	-99.99095
4	59	-99.99185
4	60	-99.99267
4	61	-99.99340
4	62	-99.99406
4	63	-99.99465
4	64	-99.99519
4	65	-99.99567
4	66	-99.99610
4	67	-99.99649
4	68	-99.99684
4	69	-99.99716
4	70	-99.99744
4	71	-99.99770
4	72	-99.99793
4	73	-99.99813
4	74	-99.99832
4	75	-99.99849
4	76	-99.99864
4	77	-99.99878
4	78	-99.99890
4	79	-99.99901
4	80	-99.99911
4	81	-99.99921
4	82	-99.99929
4	83	-99.99936
4	84	-99.99943
4	85	-99.99949
4	86	-99.99955
4	87	-99.99960
4	88	-99.99964
4	89	-99.99968
4	90	-99.99972
4	91	-99.99976
4	92	-99.99979
4	93	-99.99982
4	94	-99.99985
4	95	-99.99988
4	96	-99.99990
4	97	-99.99993
4	98	-99.99995
4	99	-99.99998
4	100	-100.00000
5	0	-100.00000
5	1	-88.10393
5	2	-80.65286
5	3	-78.62227
5	4	-80.07283
5	5	-82.96799
5	6	-86.07664
5	7	-88.85393
5	8	-91.14229
5	9	-92.95699
5	10	-94.37216
5	11	-95.47035
5	12	-96.32403
5	13	-96.99131
5	14	-97.51681
5	15	-97.93417
5	16	-98.26858
5	17	-98.53887
5	18	-98.75920
5	19	-98.94025
5	20	-99.09017
5	21	-99.21519
5	22	-99.32015
5	23	-99.40880
5	24	-99.48410
5	25	-99.54840
5	26	-99.60357
5	27	-99.65111
5	28	-99.69225
5	29	-99.72798
5	30	-99.75911
5	31	-99.78632
5	32	-99.81017
5	33	-99.83112
5	34	-99.84958
5	35	-99.86588
5	36	-99.88029
5	37	-99.89306
5	38	-99.90438
5	39	-99.91445
5	40	-99.92341
5	41	-99.93138
5	42	-99.93850
5	43	-99.94485
5	44	-99.95052
5	45	-99.95559
5	46	-99.96013
5	47	-99.96420
5	48	-99.96784
5	49	-99.97110
5	50	-99.97402
5	51	-99.97665
5	52	-99.97901
5	53	-99.98112
5	54	-99.98302
5	55	-99.98473
5	56	-99.98626
5	57	-99.98764
5	58	-99.98888
5	59	-99.98999
5	60	-99.99099
5	61	-99.99189
5	62	-99.99270
5	63	-99.99343
5	64	-99.99409
5	65	-99.99468
5	66	-99.99521
5	67	-99.99569
5	68	-99.99612
5	69	-99.99651
5	70	-99.99685
5	71	-99.99717
5	72	-99.99745
5	73	-99.99771
5	74	-99.99794
5	75	-99.99814
5	76	-99.99833
5	77	-99.99850
5	78	-99.99865
5	79	-99.99879
5	80	-99.99891
5	81	-99.99902
5	82	-99.99912
5	83	-99.99922
5	84	-99.99930
5	85	-99.99937
5	86	-99.99944
5	87	-99.99950
5	88	-99.99956
5	89	-99.99961
5	90	-99.99966
5	91	-99.99970
5	92	-99.99974
5	93	-99.99978
5	94	-99.99982
5	95	-99.99985
5	96	-99.99988
5	97	-99.99991
5	98	-99.99994
5	99	-99.99997
5	100	-100.00000
6	0	-100.00000
6	1	-92.73568
6	2	-87.55288
6	3	-85.20073
6	4	-85.11594
6	5	-86.35014
6	6	-88.13007
6	7	-89.98470
6	8	-91.68351
6	9	-93.14285
6	10	-94.35464
6	11	-95.34345
6	12	-96.14405
6	13	-96.79100
6	14	-97.31464
6	15	-97.74009
6	16	-98.08752
6	17	-98.37287
6	18	-98.60864
6	19	-98.80463
6	20	-98.96854
6	21	-99.10640
6	22	-99.22298
6	23	-99.32209
6	24	-99.40676
6	25	-99.47940
6	26	-99.54201
6	27	-99.59616
6	28	-99.64317
6	29	-99.68413
6	30	-99.71991
6	31	-99.75125
6	32	-99.77879
6	33	-99.80303
6	34	-99.82442
6	35	-99.84332
6	36	-99.86007
6	37	-99.87492
6	38	-99.88811
6	39	-99.89984
6	40	-99.91029
6	41	-99.91960
6	42	-99.92792
6	43	-99.93534
6	44	-99.94197
6	45	-99.94791
6	46	-99.95322
6	47	-99.95798
6	48	-99.96225
6	49	-99.96607
6	50	-99.96950
6	51	-99.97258
6	52	-99.97534
6	53	-99.97783
6	54	-99.98005
6	55	-99.98206
6	56	-99.98386
6	57	-99.98547
6	58	-99.98693
6	59	-99.98824
6	60	-99.98941
6	61	-99.99047
6	62	-99.99142
6	63	-99.99228
6	64	-99.99305
6	65	-99.99374
6	66	-99.99437
6	67	-99.99493
6	68	-99.99544
6	69	-99.99589
6	70	-99.99630
6	71	-99.99667
6	72	-99.99700
6	73	-99.99730
6	74	-99.99757
6	75	-99.99782
6	76	-99.99804
6	77	-99.99824
6	78	-99.99841
6	79	-99.99858
6	80	-99.99872
6	81	-99.99885
6	82	-99.99897
6	83	-99.99908
6	84	-99.99918
6	85	-99.99926
6	86	-99.99934
6	87	-99.99942
6	88	-99.99948
6	89	-99.99954
6	90	-99.99960
6	91	-99.99965
6	92	-99.99970
6	93	-99.99974
6	94	-99.99979
6	95	-99.99982
6	96	-99.99986
6	97	-99.99990
6	98	-99.99993
6	99	-99.99997
6	100	-100.00000
7	0	-100.00000
7	1	-95.28590
7	2	-91.62225
7	3	-89.51181
7	4	-88.84006
7	5	-89.18657
7	6	-90.10880
7	7	-91.27128
7	8	-92.46420
7	9	-93.57626
7	10	-94.56009
7	11	-95.40478
7	12	-96.11772
7	13	-96.71399
7	14	-97.21066
7	15	-97.62404
7	16	-97.96855
7	17	-98.25644
7	18	-98.49785
7	19	-98.70111
7	20	-98.87295
7	21	-99.01887
7	22	-99.14330
7	23	-99.24984
7	24	-99.34143
7	25	-99.42045
7	26	-99.48889
7	27	-99.54834
7	28	-99.60016
7	29	-99.64545
7	30	-99.68514
7	31	-99.72001
7	32	-99.75070
7	33	-99.77779
7	34	-99.80173
7	35	-99.82293
7	36	-99.84174
7	37	-99.85844
7	38	-99.87329
7	39	-99.88652
7	40	-99.89831
7	41	-99.90883
7	42	-99.91822
7	43	-99.92662
7	44	-99.93413
7	45	-99.94085
7	46	-99.94687
7	47	-99.95227
7	48	-99.95710
7	49	-99.96144
7	50	-99.96533
7	51	-99.96883
7	52	-99.97197
7	53	-99.97478
7	54	-99.97732
7	55	-99.97959
7	56	-99.98164
7	57	-99.98348
7	58	-99.98513
7	59	-99.98662
7	60	-99.98795
7	61	-99.98916
7	62	-99.99024
7	63	-99.99121
7	64	-99.99209
7	65	-99.99288
7	66	-99.99359
7	67	-99.99423
7	68	-99.99481
7	69	-99.99532
7	70	-99.99579
7	71	-99.99621
7	72	-99.99659
7	73	-99.99693
7	74	-99.99724
7	75	-99.99752
7	76	-99.99777
7	77	-99.99799
7	78	-99.99819
7	79	-99.99838
7	80	-99.99854
7	81	-99.99869
7	82	-99.99883
7	83	-99.99895
7	84	-99.99906
7	85	-99.99916
7	86	-99.99925
7	87	-99.99934
7	88	-99.99941
7	89	-99.99948
7	90	-99.99954
7	91	-99.99960
7	92	-99.99966
7	93	-99.99971
7	94	-99.99976
7	95	-99.99980
7	96	-99.99984
7	97	-99.99988
7	98	-99.99992
7	99	-99.99996
7	100	-100.00000
8	0	-100.00000
8	1	-96.78567
8	2	-94.13840
8	3	-92.38421
8	4	-91.54592
8	5	-91.44728
8	6	-91.84728
8	7	-92.52743
8	8	-93.32576
8	9	-94.13789
8	10	-94.90469
8	11	-95.59785
8	12	-96.20806
8	13	-96.73658
8	14	-97.18997
8	15	-97.57685
8	16	-97.90620
8	17	-98.18648
8	18	-98.42523
8	19	-98.62899
8	20	-98.80330
8	21	-98.95284
8	22	-99.08150
8	23	-99.19254
8	24	-99.28865
8	25	-99.37210
8	26	-99.44475
8	27	-99.50817
8	28	-99.56368
8	29	-99.61238
8	30	-99.65519
8	31	-99.69292
8	32	-99.72623
8	33	-99.75569
8	34	-99.78179
8	35	-99.80494
8	36	-99.82551
8	37	-99.84381
8	38	-99.86010
8	39	-99.87463
8	40	-99.88759
8	41	-99.89917
8	42	-99.90952
8	43	-99.91878
8	44	-99.92707
8	45	-99.93449
8	46	-99.94114
8	47	-99.94711
8	48	-99.95245
8	49	-99.95725
8	50	-99.96156
8	51	-99.96543
8	52	-99.96891
8	53	-99.97203
8	54	-99.97483
8	55	-99.97736
8	56	-99.97962
8	57	-99.98166
8	58	-99.98350
8	59	-99.98515
8	60	-99.98663
8	61	-99.98796
8	62	-99.98917
8	63	-99.99025
8	64	-99.99122
8	65	-99.99210
8	66	-99.99288
8	67	-99.99359
8	68	-99.99423
8	69	-99.99481
8	70	-99.99533
8	71	-99.99579
8	72	-99.99621
8	73	-99.99659
8	74	-99.99693
8	75	-99.99724
8	76	-99.99752
8	77	-99.99777
8	78	-99.99800
8	79	-99.99820
8	80	-99.99838
8	81	-99.99855
8	82	-99.99870
8	83	-99.99883
8	84	-99.99896
8	85	-99.99907
8	86	-99.99917
8	87	-99.99926
8	88	-99.99935
8	89	-99.99942
8	90	-99.99949
8	91	-99.99956
8	92	-99.99962
8	93	-99.99968
8	94	-99.99973
8	95	-99.99978
8	96	-99.99983
8	97	-99.99987
8	98	-99.99991
8	99	-99.99996
8	100	-100.00000
9	0	-100.00000
9	1	-97.71837
9	2	-95.76146
9	3	-94.34072
9	4	-93.51213
9	5	-93.20936
9	6	-93.30561
9	7	-93.66539
9	8	-94.17353
9	9	-94.74487
9	10	-95.32291
9	11	-95.87387
9	12	-96.38007
9	13	-96.83432
9	14	-97.23579
9	15	-97.58719
9	16	-97.89293
9	17	-98.15806
9	18	-98.38761
9	19	-98.58631
9	20	-98.75842
9	21	-98.90767
9	22	-99.03732
9	23	-99.15016
9	24	-99.24855
9	25	-99.33454
9	26	-99.40984
9	27	-99.47591
9	28	-99.53400
9	29	-99.58518
9	30	-99.63034
9	31	-99.67026
9	32	-99.70561
9	33	-99.73696
9	34	-99.76479
9	35	-99.78953
9	36	-99.81155
9	37	-99.83118
9	38	-99.84868
9	39	-99.86430
9	40	-99.87826
9	41	-99.89075
9	42	-99.90192
9	43	-99.91192
9	44	-99.92087
9	45	-99.92890
9	46	-99.93610
9	47	-99.94256
9	48	-99.94836
9	49	-99.95356
9	50	-99.95823
9	51	-99.96243
9	52	-99.96620
9	53	-99.96959
9	54	-99.97264
9	55	-99.97538
9	56	-99.97784
9	57	-99.98005
9	58	-99.98205
9	59	-99.98384
9	60	-99.98545
9	61	-99.98691
9	62	-99.98821
9	63	-99.98939
9	64	-99.99045
9	65	-99.99140
9	66	-99.99226
9	67	-99.99303
9	68	-99.99372
9	69	-99.99435
9	70	-99.99491
9	71	-99.99542
9	72	-99.99588
9	73	-99.99629
9	74	-99.99666
9	75	-99.99700
9	76	-99.99730
9	77	-99.99757
9	78	-99.99782
9	79	-99.99804
9	80	-99.99824
9	81	-99.99842
9	82	-99.99858
9	83	-99.99873
9	84	-99.99887
9	85	-99.99899
9	86	-99.99910
9	87	-99.99920
9	88	-99.99929
9	89	-99.99937
9	90	-99.99945
9	91	-99.99952
9	92	-99.99959
9	93	-99.99965
9	94	-99.99970
9	95	-99.99976
9	96	-99.99981
9	97	-99.99986
9	98	-99.99991
9	99	-99.99995
9	100	-100.00000
10	0	-100.00000
10	1	-98.32636
10	2	-96.84836
10	3	-95.70509
10	4	-94.95252
10	5	-94.57241
10	6	-94.50040
10	7	-94.65501
10	8	-94.95809
10	9	-95.34513
10	10	-95.76822
10	11	-96.19467
10	12	-96.60403
10	13	-96.98483
10	14	-97.33168
10	15	-97.64319
10	16	-97.92027
10	17	-98.16520
10	18	-98.38083
10	19	-98.57023
10	20	-98.73639
10	21	-98.88212
10	22	-99.00997
10	23	-99.12221
10	24	-99.22086
10	25	-99.30767
10	26	-99.38415
10	27	-99.45163
10	28	-99.51125
10	29	-99.56399
10	30	-99.61073
10	31	-99.65218
10	32	-99.68900
10	33	-99.72173
10	34	-99.75087
10	35	-99.77684
10	36	-99.79999
10	37	-99.82067
10	38	-99.83913
10	39	-99.85564
10	40	-99.87041
10	41	-99.88364
10	42	-99.89548
10	43	-99.90609
10	44	-99.91561
10	45	-99.92414
10	46	-99.93180
10	47	-99.93868
10	48	-99.94485
10	49	-99.95039
10	50	-99.95538
10	51	-99.95985
10	52	-99.96388
10	53	-99.96749
10	54	-99.97075
10	55	-99.97367
10	56	-99.97630
10	57	-99.97867
10	58	-99.98080
10	59	-99.98272
10	60	-99.98444
10	61	-99.98599
10	62	-99.98739
10	63	-99.98865
10	64	-99.98978
10	65	-99.99080
10	66	-99.99171
10	67	-99.99254
10	68	-99.99328
10	69	-99.99395
10	70	-99.99456
10	71	-99.99510
10	72	-99.99559
10	73	-99.99603
10	74	-99.99643
10	75	-99.99679
10	76	-99.99711
10	77	-99.99740
10	78	-99.99766
10	79	-99.99790
10	80	-99.99812
10	81	-99.99831
10	82	-99.99848
10	83	-99.99864
10	84	-99.99879
10	85	-99.99892
10	86	-99.99903
10	87	-99.99914
10	88	-99.99924
10	89	-99.99933
10	90	-99.99941
10	91	-99.99949
10	92	-99.99956
10	93	-99.99962
10	94	-99.99968
10	95	-99.99974
10	96	-99.99980
10	97	-99.99985
10	98	-99.99990
10	99	-99.99995
10	100	-100.00000
11	0	-100.00000
11	1	-98.73870
11	2	-97.60052
11	3	-96.67875
11	4	-96.02045
11	5	-95.62738
11	6	-95.46856
11	7	-95.49616
11	8	-95.65867
11	9	-95.90936
11	10	-96.21016
11	11	-96.53255
11	12	-96.85657
11	13	-97.16927
11	14	-97.46294
11	15	-97.73359
11	16	-97.97978
11	17	-98.20164
11	18	-98.40029
11	19	-98.57738
11	20	-98.73479
11	21	-98.87444
11	22	-98.99821
11	23	-99.10787
11	24	-99.20502
11	25	-99.29112
11	26	-99.36746
11	27	-99.43520
11	28	-99.49536
11	29	-99.54883
11	30	-99.59639
11	31	-99.63873
11	32	-99.67646
11	33	-99.71011
11	34	-99.74013
11	35	-99.76695
11	36	-99.79092
11	37	-99.81236
11	38	-99.83155
11	39	-99.84872
11	40	-99.86411
11	41	-99.87790
11	42	-99.89027
11	43	-99.90137
11	44	-99.91132
11	45	-99.92026
11	46	-99.92829
11	47	-99.93550
11	48	-99.94197
11	49	-99.94779
11	50	-99.95302
11	51	-99.95773
11	52	-99.96196
11	53	-99.96576
11	54	-99.96918
11	55	-99.97226
11	56	-99.97503
11	57	-99.97752
11	58	-99.97976
11	59	-99.98178
11	60	-99.98360
11	61	-99.98523
11	62	-99.98670
11	63	-99.98803
11	64	-99.98922
11	65	-99.99030
11	66	-99.99126
11	67	-99.99213
11	68	-99.99292
11	69	-99.99362
11	70	-99.99426
11	71	-99.99483
11	72	-99.99535
11	73	-99.99581
11	74	-99.99623
11	75	-99.99661
11	76	-99.99695
11	77	-99.99726
11	78	-99.99754
11	79	-99.99779
11	80	-99.99801
11	81	-99.99822
11	82	-99.99840
11	83	-99.99857
11	84	-99.99872
11	85	-99.99886
11	86	-99.99898
11	87	-99.99909
11	88	-99.99920
11	89	-99.99929
11	90	-99.99938
11	91	-99.99946
11	92	-99.99953
11	93	-99.99960
11	94	-99.99967
11	95	-99.99973
11	96	-99.99979
11	97	-99.99984
11	98	-99.99990
11	99	-99.99995
11	100	-100.00000
12	0	-100.00000
12	1	-99.02792
12	2	-98.13627
12	3	-97.38894
12	4	-96.82316
12	5	-96.44809
12	6	-96.25030
12	7	-96.20239
12	8	-96.27109
12	9	-96.42347
12	10	-96.63053
12	11	-96.86878
12	12	-97.12042
12	13	-97.37274
12	14	-97.61720
12	15	-97.84848
12	16	-98.06361
12	17	-98.26129
12	18	-98.44132
12	19	-98.60422
12	20	-98.75094
12	21	-98.88264
12	22	-99.00057
12	23	-99.10603
12	24	-99.20022
12	25	-99.28432
12	26	-99.35938
12	27	-99.42637
12	28	-99.48617
12	29	-99.53957
12	30	-99.58727
12	31	-99.62990
12	32	-99.66801
12	33	-99.70210
12	34	-99.73261
12	35	-99.75992
12	36	-99.78439
12	37	-99.80631
12	38	-99.82596
12	39	-99.84359
12	40	-99.85941
12	41	-99.87360
12	42	-99.88634
12	43	-99.89778
12	44	-99.90806
12	45	-99.91729
12	46	-99.92559
12	47	-99.93305
12	48	-99.93975
12	49	-99.94578
12	50	-99.95120
12	51	-99.95608
12	52	-99.96047
12	53	-99.96441
12	54	-99.96796
12	55	-99.97116
12	56	-99.97403
12	57	-99.97662
12	58	-99.97895
12	59	-99.98105
12	60	-99.98294
12	61	-99.98464
12	62	-99.98617
12	63	-99.98754
12	64	-99.98878
12	65	-99.98990
12	66	-99.99091
12	67	-99.99181
12	68	-99.99263
12	69	-99.99336
12	70	-99.99403
12	71	-99.99462
12	72	-99.99516
12	73	-99.99564
12	74	-99.99608
12	75	-99.99647
12	76	-99.99683
12	77	-99.99715
12	78	-99.99744
12	79	-99.99770
12	80	-99.99793
12	81	-99.99814
12	82	-99.99833
12	83	-99.99851
12	84	-99.99867
12	85	-99.99881
12	86	-99.99894
12	87	-99.99906
12	88	-99.99916
12	89	-99.99926
12	90	-99.99935
12	91	-99.99944
12	92	-99.99951
12	93	-99.99959
12	94	-99.99965
12	95	-99.99972
12	96	-99.99978
12	97	-99.99983
12	98	-99.99989
12	99	-99.99995
12	100	-100.00000
13	0	-100.00000
13	1	-99.23672
13	2	-98.52769
13	3	-97.91758
13	4	-97.43517
13	5	-97.09150
13	6	-96.88218
13	7	-96.79200
13	8	-96.79983
13	9	-96.88290
13	10	-97.01971
13	11	-97.19163
13	12	-97.38360
13	13	-97.58407
13	14	-97.78464
13	15	-97.97950
13	16	-98.16489
13	17	-98.33858
13	18	-98.49948
13	19	-98.64725
13	20	-98.78211
13	21	-98.90459
13	22	-99.01542
13	23	-99.11545
13	24	-99.20553
13	25	-99.28656
13	26	-99.35936
13	27	-99.42472
13	28	-99.48338
13	29	-99.53601
13	30	-99.58322
13	31	-99.62558
13	32	-99.66358
13	33	-99.69767
13	34	-99.72827
13	35	-99.75573
13	36	-99.78039
13	37	-99.80253
13	38	-99.82241
13	39	-99.84027
13	40	-99.85632
13	41	-99.87074
13	42	-99.88370
13	43	-99.89536
13	44	-99.90583
13	45	-99.91526
13	46	-99.92373
13	47	-99.93135
13	48	-99.93821
13	49	-99.94437
13	50	-99.94992
13	51	-99.95492
13	52	-99.95941
13	53	-99.96346
13	54	-99.96710
13	55	-99.97038
13	56	-99.97333
13	57	-99.97598
13	58	-99.97837
13	59	-99.98053
13	60	-99.98247
13	61	-99.98421
13	62	-99.98578
13	63	-99.98720
13	64	-99.98847
13	65	-99.98962
13	66	-99.99065
13	67	-99.99158
13	68	-99.99242
13	69	-99.99318
13	70	-99.99386
13	71	-99.99447
13	72	-99.99502
13	73	-99.99552
13	74	-99.99597
13	75	-99.99637
13	76	-99.99674
13	77	-99.99707
13	78	-99.99736
13	79	-99.99763
13	80	-99.99787
13	81	-99.99809
13	82	-99.99829
13	83	-99.99847
13	84	-99.99863
13	85	-99.99877
13	86	-99.99891
13	87	-99.99903
13	88	-99.99914
13	89	-99.99924
13	90	-99.99933
13	91	-99.99942
13	92	-99.99950
13	93	-99.99957
13	94	-99.99964
13	95	-99.99971
13	96	-99.99977
13	97	-99.99983
13	98	-99.99989
13	99	-99.99994
13	100	-100.00000
14	0	-100.00000
14	1	-99.39128
14	2	-98.82017
14	3	-98.31854
14	4	-97.90844
14	5	-97.60054
14	6	-97.39494
14	7	-97.28360
14	8	-97.25333
14	9	-97.28861
14	10	-97.37377
14	11	-97.49443
14	12	-97.63828
14	13	-97.79531
14	14	-97.95780
14	15	-98.12000
14	16	-98.27786
14	17	-98.42867
14	18	-98.57075
14	19	-98.70320
14	20	-98.82567
14	21	-98.93819
14	22	-99.04108
14	23	-99.13480
14	24	-99.21991
14	25	-99.29702
14	26	-99.36677
14	27	-99.42977
14	28	-99.48662
14	29	-99.53786
14	30	-99.58403
14	31	-99.62561
14	32	-99.66305
14	33	-99.69674
14	34	-99.72707
14	35	-99.75436
14	36	-99.77891
14	37	-99.80100
14	38	-99.82088
14	39	-99.83877
14	40	-99.85486
14	41	-99.86935
14	42	-99.88238
14	43	-99.89411
14	44	-99.90467
14	45	-99.91417
14	46	-99.92272
14	47	-99.93042
14	48	-99.93735
14	49	-99.94359
14	50	-99.94920
14	51	-99.95426
14	52	-99.95881
14	53	-99.96291
14	54	-99.96660
14	55	-99.96992
14	56	-99.97291
14	57	-99.97561
14	58	-99.97803
14	59	-99.98022
14	60	-99.98219
14	61	-99.98396
14	62	-99.98555
14	63	-99.98699
14	64	-99.98828
14	65	-99.98945
14	66	-99.99050
14	67	-99.99145
14	68	-99.99230
14	69	-99.99306
14	70	-99.99376
14	71	-99.99438
14	72	-99.99494
14	73	-99.99545
14	74	-99.99590
14	75	-99.99631
14	76	-99.99668
14	77	-99.99702
14	78	-99.99732
14	79	-99.99759
14	80	-99.99784
14	81	-99.99806
14	82	-99.99826
14	83	-99.99844
14	84	-99.99861
14	85	-99.99875
14	86	-99.99889
14	87	-99.99901
14	88	-99.99913
14	89	-99.99923
14	90	-99.99932
14	91	-99.99941
14	92	-99.99949
14	93	-99.99957
14	94	-99.99964
14	95	-99.99970
14	96	-99.99977
14	97	-99.99983
14	98	-99.99989
14	99	-99.99994
14	100	-100.00000
15	0	-100.00000
15	1	-99.50824
15	2	-99.04318
15	3	-98.62796
15	4	-98.27951
15	5	-98.00728
15	6	-97.81344
15	7	-97.69412
15	8	-97.64127
15	9	-97.64443
15	10	-97.69232
15	11	-97.77404
15	12	-97.87976
15	13	-98.00110
15	14	-98.13124
15	15	-98.26484
15	16	-98.39788
15	17	-98.52749
15	18	-98.65166
15	19	-98.76913
15	20	-98.87916
15	21	-98.98143
15	22	-99.07591
15	23	-99.16275
15	24	-99.24228
15	25	-99.31486
15	26	-99.38094
15	27	-99.44099
15	28	-99.49545
15	29	-99.54479
15	30	-99.58943
15	31	-99.62980
15	32	-99.66626
15	33	-99.69919
15	34	-99.72890
15	35	-99.75571
15	36	-99.77989
15	37	-99.80169
15	38	-99.82134
15	39	-99.83905
15	40	-99.85502
15	41	-99.86940
15	42	-99.88236
15	43	-99.89404
15	44	-99.90455
15	45	-99.91403
15	46	-99.92257
15	47	-99.93026
15	48	-99.93718
15	49	-99.94342
15	50	-99.94904
15	51	-99.95410
15	52	-99.95866
15	53	-99.96277
15	54	-99.96647
15	55	-99.96980
15	56	-99.97280
15	57	-99.97550
15	58	-99.97794
15	59	-99.98013
15	60	-99.98210
15	61	-99.98388
15	62	-99.98548
15	63	-99.98693
15	64	-99.98823
15	65	-99.98940
15	66	-99.99045
15	67	-99.99140
15	68	-99.99226
15	69	-99.99303
15	70	-99.99372
15	71	-99.99435
15	72	-99.99491
15	73	-99.99542
15	74	-99.99588
15	75	-99.99629
15	76	-99.99667
15	77	-99.99700
15	78	-99.99730
15	79	-99.99758
15	80	-99.99782
15	81	-99.99805
15	82	-99.99825
15	83	-99.99843
15	84	-99.99860
15	85	-99.99875
15	86	-99.99888
15	87	-99.99901
15	88	-99.99912
15	89	-99.99922
15	90	-99.99932
15	91	-99.99941
15	92	-99.99949
15	93	-99.99956
15	94	-99.99963
15	95	-99.99970
15	96	-99.99977
15	97	-99.99983
15	98	-99.99989
15	99	-99.99994
15	100	-100.00000
16	0	-100.00000
16	1	-99.59849
16	2	-99.21633
16	3	-98.87062
16	4	-98.57437
16	5	-98.33564
16	6	-98.15740
16	7	-98.03819
16	8	-97.97321
16	9	-97.95551
16	10	-97.97705
16	11	-98.02966
16	12	-98.10563
16	13	-98.19810
16	14	-98.30122
16	15	-98.41022
16	16	-98.52135
16	17	-98.63174
16	18	-98.73927
16	19	-98.84249
16	20	-98.94042
16	21	-99.03247
16	22	-99.11837
16	23	-99.19804
16	24	-99.27158
16	25	-99.33919
16	26	-99.40115
16	27	-99.45778
16	28	-99.50941
16	29	-99.55641
16	30	-99.59912
16	31	-99.63788
16	32	-99.67301
16	33	-99.70484
16	34	-99.73365
16	35	-99.75970
16	36	-99.78325
16	37	-99.80453
16	38	-99.82374
16	39	-99.84109
16	40	-99.85675
16	41	-99.87088
16	42	-99.88362
16	43	-99.89512
16	44	-99.90549
16	45	-99.91483
16	46	-99.92326
16	47	-99.93086
16	48	-99.93770
16	49	-99.94388
16	50	-99.94944
16	51	-99.95445
16	52	-99.95896
16	53	-99.96303
16	54	-99.96670
16	55	-99.97000
16	56	-99.97298
16	57	-99.97566
16	58	-99.97808
16	59	-99.98025
16	60	-99.98221
16	61	-99.98398
16	62	-99.98557
16	63	-99.98701
16	64	-99.98830
16	65	-99.98946
16	66	-99.99051
16	67	-99.99145
16	68	-99.99230
16	69	-99.99307
16	70	-99.99376
16	71	-99.99438
16	72	-99.99494
16	73	-99.99545
16	74	-99.99590
16	75	-99.99631
16	76	-99.99668
16	77	-99.99702
16	78	-99.99732
16	79	-99.99759
16	80	-99.99784
16	81	-99.99806
16	82	-99.99826
16	83	-99.99844
16	84	-99.99861
16	85	-99.99875
16	86	-99.99889
16	87	-99.99901
16	88	-99.99913
16	89	-99.99923
16	90	-99.99932
16	91	-99.99941
16	92	-99.99949
16	93	-99.99957
16	94	-99.99964
16	95	-99.99970
16	96	-99.99977
16	97	-99.99983
16	98	-99.99989
16	99	-99.99994
16	100	-100.00000
17	0	-100.00000
17	1	-99.66938
17	2	-99.35305
17	3	-99.06380
17	4	-98.81172
17	5	-98.60351
17	6	-98.44232
17	7	-98.32802
17	8	-98.25789
17	9	-98.22733
17	10	-98.23070
17	11	-98.26192
17	12	-98.31501
17	13	-98.38443
17	14	-98.46531
17	15	-98.55349
17	16	-98.64556
17	17	-98.73883
17	18	-98.83121
17	19	-98.92115
17	20	-99.00755
17	21	-99.08967
17	22	-99.16705
17	23	-99.23945
17	24	-99.30681
17	25	-99.36918
17	26	-99.42669
17	27	-99.47956
17	28	-99.52801
17	29	-99.57232
17	30	-99.61275
17	31	-99.64958
17	32	-99.68308
17	33	-99.71352
17	34	-99.74114
17	35	-99.76619
17	36	-99.78888
17	37	-99.80942
17	38	-99.82801
17	39	-99.84482
17	40	-99.86001
17	41	-99.87374
17	42	-99.88614
17	43	-99.89733
17	44	-99.90744
17	45	-99.91656
17	46	-99.92478
17	47	-99.93221
17	48	-99.93890
17	49	-99.94494
17	50	-99.95038
17	51	-99.95529
17	52	-99.95972
17	53	-99.96370
17	54	-99.96730
17	55	-99.97054
17	56	-99.97346
17	57	-99.97609
17	58	-99.97846
17	59	-99.98060
17	60	-99.98252
17	61	-99.98426
17	62	-99.98582
17	63	-99.98723
17	64	-99.98850
17	65	-99.98964
17	66	-99.99067
17	67	-99.99160
17	68	-99.99243
17	69	-99.99319
17	70	-99.99386
17	71	-99.99448
17	72	-99.99503
17	73	-99.99552
17	74	-99.99597
17	75	-99.99638
17	76	-99.99674
17	77	-99.99707
17	78	-99.99736
17	79	-99.99763
17	80	-99.99787
17	81	-99.99809
17	82	-99.99829
17	83	-99.99847
17	84	-99.99863
17	85	-99.99878
17	86	-99.99891
17	87	-99.99903
17	88	-99.99914
17	89	-99.99924
17	90	-99.99933
17	91	-99.99942
17	92	-99.99950
17	93	-99.99957
17	94	-99.99964
17	95	-99.99971
17	96	-99.99977
17	97	-99.99983
17	98	-99.99989
17	99	-99.99994
17	100	-100.00000
18	0	-100.00000
18	1	-99.72600
18	2	-99.46270
18	3	-99.21980
18	4	-99.00519
18	5	-98.82438
18	6	-98.68035
18	7	-98.57370
18	8	-98.50298
18	9	-98.46524
18	10	-98.45651
18	11	-98.47231
18	12	-98.50805
18	13	-98.55932
18	14	-98.62210
18	15	-98.69286
18	16	-98.76858
18	17	-98.84681
18	18	-98.92558
18	19	-99.00334
18	20	-99.07896
18	21	-99.15160
18	22	-99.22070
18	23	-99.28591
18	24	-99.34704
18	25	-99.40402
18	26	-99.45689
18	27	-99.50575
18	28	-99.55076
18	29	-99.59210
18	30	-99.62997
18	31	-99.66460
18	32	-99.69621
18	33	-99.72501
18	34	-99.75121
18	35	-99.77503
18	36	-99.79666
18	37	-99.81627
18	38	-99.83406
18	39	-99.85016
18	40	-99.86474
18	41	-99.87793
18	42	-99.88985
18	43	-99.90063
18	44	-99.91037
18	45	-99.91917
18	46	-99.92711
18	47	-99.93428
18	48	-99.94076
18	49	-99.94660
18	50	-99.95186
18	51	-99.95662
18	52	-99.96090
18	53	-99.96477
18	54	-99.96825
18	55	-99.97139
18	56	-99.97422
18	57	-99.97678
18	58	-99.97908
18	59	-99.98115
18	60	-99.98302
18	61	-99.98470
18	62	-99.98622
18	63	-99.98759
18	64	-99.98882
18	65	-99.98993
18	66	-99.99093
18	67	-99.99183
18	68	-99.99264
18	69	-99.99338
18	70	-99.99404
18	71	-99.99463
18	72	-99.99517
18	73	-99.99565
18	74	-99.99608
18	75	-99.99648
18	76	-99.99683
18	77	-99.99715
18	78	-99.99744
18	79	-99.99770
18	80	-99.99793
18	81	-99.99814
18	82	-99.99834
18	83	-99.99851
18	84	-99.99867
18	85	-99.99881
18	86	-99.99894
18	87	-99.99906
18	88	-99.99916
18	89	-99.99926
18	90	-99.99935
18	91	-99.99944
18	92	-99.99951
18	93	-99.99959
18	94	-99.99965
18	95	-99.99972
18	96	-99.99978
18	97	-99.99983
18	98	-99.99989
18	99	-99.99995
18	100	-100.00000
19	0	-100.00000
19	1	-99.77190
19	2	-99.55193
19	3	-99.34753
19	4	-99.16486
19	5	-99.00845
19	6	-98.88100
19	7	-98.78343
19	8	-98.71510
19	9	-98.67414
19	10	-98.65778
19	11	-98.66275
19	12	-98.68555
19	13	-98.72270
19	14	-98.77092
19	15	-98.82725
19	16	-98.88910
19	17	-98.95427
19	18	-99.02094
19	19	-99.08768
19	20	-99.15334
19	21	-99.21707
19	22	-99.27825
19	23	-99.33645
19	24	-99.39141
19	25	-99.44297
19	26	-99.49109
19	27	-99.53580
19	28	-99.57718
19	29	-99.61534
19	30	-99.65045
19	31	-99.68266
19	32	-99.71215
19	33	-99.73909
19	34	-99.76368
19	35	-99.78607
19	36	-99.80645
19	37	-99.82496
19	38	-99.84178
19	39	-99.85703
19	40	-99.87085
19	41	-99.88338
19	42	-99.89472
19	43	-99.90497
19	44	-99.91425
19	45	-99.92264
19	46	-99.93022
19	47	-99.93706
19	48	-99.94324
19	49	-99.94882
19	50	-99.95386
19	51	-99.95841
19	52	-99.96251
19	53	-99.96621
19	54	-99.96955
19	55	-99.97256
19	56	-99.97527
19	57	-99.97772
19	58	-99.97992
19	59	-99.98191
19	60	-99.98370
19	61	-99.98532
19	62	-99.98677
19	63	-99.98808
19	64	-99.98927
19	65	-99.99033
19	66	-99.99129
19	67	-99.99216
19	68	-99.99294
19	69	-99.99364
19	70	-99.99427
19	71	-99.99484
19	72	-99.99536
19	73	-99.99582
19	74	-99.99624
19	75	-99.99662
19	76	-99.99696
19	77	-99.99726
19	78	-99.99754
19	79	-99.99779
19	80	-99.99801
19	81	-99.99822
19	82	-99.99840
19	83	-99.99857
19	84	-99.99872
19	85	-99.99886
19	86	-99.99898
19	87	-99.99909
19	88	-99.99920
19	89	-99.99929
19	90	-99.99938
19	91	-99.99946
19	92	-99.99953
19	93	-99.99960
19	94	-99.99967
19	95	-99.99973
19	96	-99.99979
19	97	-99.99984
19	98	-99.99990
19	99	-99.99995
19	100	-100.00000
20	0	-100.00000
20	1	-99.80969
20	2	-99.62561
20	3	-99.45351
20	4	-99.29827
20	5	-99.16357
20	6	-99.05177
20	7	-98.96392
20	8	-98.89985
20	9	-98.85842
20	10	-98.83773
20	11	-98.83537
20	12	-98.84871
20	13	-98.87501
20	14	-98.91164
20	15	-98.95613
20	16	-99.00629
20	17	-99.06021
20	18	-99.11625
20	19	-99.17310
20	20	-99.22966
20	21	-99.28510
20	22	-99.33878
20	23	-99.39025
20	24	-99.43917
20	25	-99.48536
20	26	-99.52871
20	27	-99.56918
20	28	-99.60680
20	29	-99.64165
20	30	-99.67382
20	31	-99.70343
20	32	-99.73062
20	33	-99.75554
20	34	-99.77832
20	35	-99.79913
20	36	-99.81809
20	37	-99.83536
20	38	-99.85106
20	39	-99.86533
20	40	-99.87827
20	41	-99.89002
20	42	-99.90066
20	43	-99.91030
20	44	-99.91902
20	45	-99.92691
20	46	-99.93405
20	47	-99.94050
20	48	-99.94633
20	49	-99.95160
20	50	-99.95635
20	51	-99.96064
20	52	-99.96452
20	53	-99.96802
20	54	-99.97117
20	55	-99.97402
20	56	-99.97658
20	57	-99.97890
20	58	-99.98098
20	59	-99.98286
20	60	-99.98456
20	61	-99.98609
20	62	-99.98747
20	63	-99.98871
20	64	-99.98983
20	65	-99.99084
20	66	-99.99175
20	67	-99.99257
20	68	-99.99331
20	69	-99.99397
20	70	-99.99457
20	71	-99.99511
20	72	-99.99560
20	73	-99.99604
20	74	-99.99644
20	75	-99.99679
20	76	-99.99711
20	77	-99.99740
20	78	-99.99767
20	79	-99.99790
20	80	-99.99812
20	81	-99.99831
20	82	-99.99848
20	83	-99.99864
20	84	-99.99879
20	85	-99.99892
20	86	-99.99903
20	87	-99.99914
20	88	-99.99924
20	89	-99.99933
20	90	-99.99941
20	91	-99.99949
20	92	-99.99956
20	93	-99.99962
20	94	-99.99968
20	95	-99.99974
20	96	-99.99980
20	97	-99.99985
20	98	-99.99990
20	99	-99.99995
20	100	-100.00000
21	0	-100.00000
21	1	-99.84124
21	2	-99.68729
21	3	-99.54265
21	4	-99.41115
21	5	-99.29579
21	6	-99.19860
21	7	-99.12062
21	8	-99.06197
21	9	-99.02197
21	10	-98.99933
21	11	-98.99231
21	12	-98.99890
21	13	-99.01700
21	14	-99.04448
21	15	-99.07934
21	16	-99.11973
21	17	-99.16402
21	18	-99.21077
21	19	-99.25879
21	20	-99.30709
21	21	-99.35488
21	22	-99.40153
21	23	-99.44657
21	24	-99.48967
21	25	-99.53059
21	26	-99.56920
21	27	-99.60541
21	28	-99.63921
21	29	-99.67064
21	30	-99.69975
21	31	-99.72663
21	32	-99.75138
21	33	-99.77411
21	34	-99.79496
21	35	-99.81402
21	36	-99.83143
21	37	-99.84732
21	38	-99.86178
21	39	-99.87494
21	40	-99.88690
21	41	-99.89775
21	42	-99.90760
21	43	-99.91653
21	44	-99.92462
21	45	-99.93194
21	46	-99.93857
21	47	-99.94456
21	48	-99.94998
21	49	-99.95488
21	50	-99.95930
21	51	-99.96330
21	52	-99.96691
21	53	-99.97016
21	54	-99.97310
21	55	-99.97575
21	56	-99.97815
21	57	-99.98030
21	58	-99.98225
21	59	-99.98400
21	60	-99.98559
21	61	-99.98701
21	62	-99.98830
21	63	-99.98946
21	64	-99.99050
21	65	-99.99145
21	66	-99.99229
21	67	-99.99306
21	68	-99.99375
21	69	-99.99437
21	70	-99.99493
21	71	-99.99544
21	72	-99.99589
21	73	-99.99630
21	74	-99.99667
21	75	-99.99700
21	76	-99.99730
21	77	-99.99758
21	78	-99.99782
21	79	-99.99804
21	80	-99.99824
21	81	-99.99842
21	82	-99.99858
21	83	-99.99873
21	84	-99.99887
21	85	-99.99899
21	86	-99.99910
21	87	-99.99920
21	88	-99.99929
21	89	-99.99937
21	90	-99.99945
21	91	-99.99952
21	92	-99.99959
21	93	-99.99965
21	94	-99.99970
21	95	-99.99976
21	96	-99.99981
21	97	-99.99986
21	98	-99.99991
21	99	-99.99995
21	100	-100.00000
22	0	-100.00000
22	1	-99.86797
22	2	-99.73968
22	3	-99.61864
22	4	-99.50788
22	5	-99.40984
22	6	-99.32622
22	7	-99.25800
22	8	-99.20544
22	9	-99.16816
22	10	-99.14531
22	11	-99.13562
22	12	-99.13760
22	13	-99.14959
22	14	-99.16994
22	15	-99.19701
22	16	-99.22928
22	17	-99.26535
22	18	-99.30402
22	19	-99.34421
22	20	-99.38505
22	21	-99.42580
22	22	-99.46588
22	23	-99.50485
22	24	-99.54235
22	25	-99.57815
22	26	-99.61208
22	27	-99.64404
22	28	-99.67399
22	29	-99.70194
22	30	-99.72791
22	31	-99.75195
22	32	-99.77415
22	33	-99.79459
22	34	-99.81336
22	35	-99.83057
22	36	-99.84631
22	37	-99.86069
22	38	-99.87381
22	39	-99.88575
22	40	-99.89662
22	41	-99.90650
22	42	-99.91547
22	43	-99.92361
22	44	-99.93099
22	45	-99.93767
22	46	-99.94372
22	47	-99.94920
22	48	-99.95416
22	49	-99.95864
22	50	-99.96268
22	51	-99.96634
22	52	-99.96964
22	53	-99.97263
22	54	-99.97532
22	55	-99.97775
22	56	-99.97994
22	57	-99.98192
22	58	-99.98371
22	59	-99.98532
22	60	-99.98677
22	61	-99.98808
22	62	-99.98926
22	63	-99.99032
22	64	-99.99128
22	65	-99.99214
22	66	-99.99292
22	67	-99.99363
22	68	-99.99426
22	69	-99.99483
22	70	-99.99534
22	71	-99.99581
22	72	-99.99623
22	73	-99.99660
22	74	-99.99694
22	75	-99.99725
22	76	-99.99752
22	77	-99.99777
22	78	-99.99800
22	79	-99.99820
22	80	-99.99838
22	81	-99.99855
22	82	-99.99870
22	83	-99.99884
22	84	-99.99896
22	85	-99.99907
22	86	-99.99917
22	87	-99.99926
22	88	-99.99935
22	89	-99.99942
22	90	-99.99949
22	91	-99.99956
22	92	-99.99962
22	93	-99.99968
22	94	-99.99973
22	95	-99.99978
22	96	-99.99983
22	97	-99.99987
22	98	-99.99991
22	99	-99.99996
22	100	-100.00000
23	0	-100.00000
23	1	-99.89095
23	2	-99.78482
23	3	-99.68433
23	4	-99.59190
23	5	-99.50946
23	6	-99.43845
23	7	-99.37973
23	8	-99.33361
23	9	-99.29994
23	10	-99.27812
23	11	-99.26727
23	12	-99.26627
23	13	-99.27384
23	14	-99.28868
23	15	-99.30949
23	16	-99.33502
23	17	-99.36411
23	18	-99.39573
23	19	-99.42898
23	20	-99.46308
23	21	-99.49738
23	22	-99.53136
23	23	-99.56458
23	24	-99.59673
23	25	-99.62757
23	26	-99.65692
23	27	-99.68468
23	28	-99.71079
23	29	-99.73522
23	30	-99.75799
23	31	-99.77912
23	32	-99.79868
23	33	-99.81672
23	34	-99.83333
23	35	-99.84858
23	36	-99.86255
23	37	-99.87533
23	38	-99.88700
23	39	-99.89764
23	40	-99.90734
23	41	-99.91616
23	42	-99.92417
23	43	-99.93145
23	44	-99.93805
23	45	-99.94403
23	46	-99.94945
23	47	-99.95436
23	48	-99.95880
23	49	-99.96282
23	50	-99.96645
23	51	-99.96974
23	52	-99.97270
23	53	-99.97538
23	54	-99.97780
23	55	-99.97999
23	56	-99.98196
23	57	-99.98374
23	58	-99.98534
23	59	-99.98679
23	60	-99.98809
23	61	-99.98927
23	62	-99.99033
23	63	-99.99129
23	64	-99.99215
23	65	-99.99293
23	66	-99.99363
23	67	-99.99426
23	68	-99.99483
23	69	-99.99535
23	70	-99.99581
23	71	-99.99623
23	72	-99.99660
23	73	-99.99694
23	74	-99.99725
23	75	-99.99752
23	76	-99.99777
23	77	-99.99800
23	78	-99.99820
23	79	-99.99838
23	80	-99.99855
23	81	-99.99869
23	82	-99.99883
23	83	-99.99895
23	84	-99.99906
23	85	-99.99916
23	86	-99.99925
23	87	-99.99934
23	88	-99.99941
23	89	-99.99948
23	90	-99.99955
23	91	-99.99960
23	92	-99.99966
23	93	-99.99971
23	94	-99.99976
23	95	-99.99980
23	96	-99.99984
23	97	-99.99988
23	98	-99.99992
23	99	-99.99996
23	100	-100.00000
24	0	-100.00000
24	1	-99.91103
24	2	-99.82432
24	3	-99.74198
24	4	-99.66591
24	5	-99.59766
24	6	-99.53839
24	7	-99.48884
24	8	-99.44934
24	9	-99.41985
24	10	-99.39997
24	11	-99.38909
24	12	-99.38635
24	13	-99.39082
24	14	-99.40146
24	15	-99.41725
24	16	-99.43719
24	17	-99.46033
24	18	-99.48582
24	19	-99.51291
24	20	-99.54092
24	21	-99.56930
24	22	-99.59758
24	23	-99.62539
24	24	-99.65243
24	25	-99.67847
24	26	-99.70336
24	27	-99.72698
24	28	-99.74926
24	29	-99.77016
24	30	-99.78970
24	31	-99.80787
24	32	-99.82472
24	33	-99.84030
24	34	-99.85466
24	35	-99.86787
24	36	-99.87998
24	37	-99.89108
24	38	-99.90122
24	39	-99.91049
24	40	-99.91893
24	41	-99.92662
24	42	-99.93361
24	43	-99.93996
24	44	-99.94572
24	45	-99.95095
24	46	-99.95569
24	47	-99.95999
24	48	-99.96388
24	49	-99.96739
24	50	-99.97058
24	51	-99.97345
24	52	-99.97605
24	53	-99.97840
24	54	-99.98052
24	55	-99.98243
24	56	-99.98416
24	57	-99.98572
24	58	-99.98713
24	59	-99.98840
24	60	-99.98955
24	61	-99.99058
24	62	-99.99151
24	63	-99.99235
24	64	-99.99311
24	65	-99.99379
24	66	-99.99441
24	67	-99.99496
24	68	-99.99546
24	69	-99.99591
24	70	-99.99632
24	71	-99.99669
24	72	-99.99702
24	73	-99.99731
24	74	-99.99758
24	75	-99.99782
24	76	-99.99804
24	77	-99.99824
24	78	-99.99842
24	79	-99.99858
24	80	-99.99872
24	81	-99.99885
24	82	-99.99897
24	83	-99.99908
24	84	-99.99918
24	85	-99.99926
24	86	-99.99934
24	87	-99.99942
24	88	-99.99948
24	89	-99.99954
24	90	-99.99960
24	91	-99.99965
24	92	-99.99970
24	93	-99.99974
24	94	-99.99979
24	95	-99.99982
24	96	-99.99986
24	97	-99.99990
24	98	-99.99993
24	99	-99.99997
24	100	-100.00000
25	0	-100.00000
25	1	-99.92885
25	2	-99.85943
25	3	-99.79336
25	4	-99.73211
25	5	-99.67688
25	6	-99.62861
25	7	-99.58790
25	8	-99.55507
25	9	-99.53013
25	10	-99.51284
25	11	-99.50275
25	12	-99.49925
25	13	-99.50162
25	14	-99.50909
25	15	-99.52087
25	16	-99.53615
25	17	-99.55420
25	18	-99.57433
25	19	-99.59590
25	20	-99.61839
25	21	-99.64131
25	22	-99.66428
25	23	-99.68696
25	24	-99.70912
25	25	-99.73053
25	26	-99.75107
25	27	-99.77061
25	28	-99.78909
25	29	-99.80648
25	30	-99.82276
25	31	-99.83794
25	32	-99.85204
25	33	-99.86509
25	34	-99.87714
25	35	-99.88824
25	36	-99.89843
25	37	-99.90778
25	38	-99.91633
25	39	-99.92415
25	40	-99.93127
25	41	-99.93777
25	42	-99.94368
25	43	-99.94906
25	44	-99.95394
25	45	-99.95837
25	46	-99.96238
25	47	-99.96602
25	48	-99.96932
25	49	-99.97230
25	50	-99.97500
25	51	-99.97744
25	52	-99.97965
25	53	-99.98164
25	54	-99.98344
25	55	-99.98507
25	56	-99.98654
25	57	-99.98786
25	58	-99.98906
25	59	-99.99014
25	60	-99.99111
25	61	-99.99199
25	62	-99.99278
25	63	-99.99350
25	64	-99.99414
25	65	-99.99472
25	66	-99.99524
25	67	-99.99571
25	68	-99.99614
25	69	-99.99652
25	70	-99.99687
25	71	-99.99718
25	72	-99.99746
25	73	-99.99771
25	74	-99.99794
25	75	-99.99815
25	76	-99.99833
25	77	-99.99850
25	78	-99.99865
25	79	-99.99879
25	80	-99.99891
25	81	-99.99902
25	82	-99.99913
25	83	-99.99922
25	84	-99.99930
25	85	-99.99937
25	86	-99.99944
25	87	-99.99950
25	88	-99.99956
25	89	-99.99961
25	90	-99.99966
25	91	-99.99970
25	92	-99.99974
25	93	-99.99978
25	94	-99.99982
25	95	-99.99985
25	96	-99.99988
25	97	-99.99991
25	98	-99.99994
25	99	-99.99997
25	100	-100.00000
26	0	-100.00000
26	1	-99.94495
26	2	-99.89119
26	3	-99.83993
26	4	-99.79228
26	5	-99.74915
26	6	-99.71126
26	7	-99.67909
26	8	-99.65292
26	9	-99.63277
26	10	-99.61850
26	11	-99.60981
26	12	-99.60626
26	13	-99.60732
26	14	-99.61243
26	15	-99.62097
26	16	-99.63235
26	17	-99.64600
26	18	-99.66137
26	19	-99.67799
26	20	-99.69542
26	21	-99.71328
26	22	-99.73125
26	23	-99.74908
26	24	-99.76654
26	25	-99.78348
26	26	-99.79977
26	27	-99.81530
26	28	-99.83003
26	29	-99.84391
26	30	-99.85693
26	31	-99.86909
26	32	-99.88040
26	33	-99.89089
26	34	-99.90058
26	35	-99.90952
26	36	-99.91773
26	37	-99.92527
26	38	-99.93218
26	39	-99.93849
26	40	-99.94425
26	41	-99.94951
26	42	-99.95429
26	43	-99.95865
26	44	-99.96260
26	45	-99.96619
26	46	-99.96945
26	47	-99.97240
26	48	-99.97507
26	49	-99.97749
26	50	-99.97968
26	51	-99.98167
26	52	-99.98346
26	53	-99.98508
26	54	-99.98654
26	55	-99.98786
26	56	-99.98905
26	57	-99.99013
26	58	-99.99110
26	59	-99.99198
26	60	-99.99277
26	61	-99.99349
26	62	-99.99413
26	63	-99.99471
26	64	-99.99523
26	65	-99.99571
26	66	-99.99613
26	67	-99.99651
26	68	-99.99686
26	69	-99.99717
26	70	-99.99745
26	71	-99.99771
26	72	-99.99794
26	73	-99.99814
26	74	-99.99833
26	75	-99.99849
26	76	-99.99865
26	77	-99.99878
26	78	-99.99890
26	79	-99.99902
26	80	-99.99912
26	81	-99.99921
26	82	-99.99929
26	83	-99.99936
26	84	-99.99943
26	85	-99.99949
26	86	-99.99955
26	87	-99.99960
26	88	-99.99964
26	89	-99.99968
26	90	-99.99972
26	91	-99.99976
26	92	-99.99979
26	93	-99.99982
26	94	-99.99985
26	95	-99.99988
26	96	-99.99990
26	97	-99.99993
26	98	-99.99995
26	99	-99.99998
26	100	-100.00000
27	0	-100.00000
27	1	-99.95976
27	2	-99.92044
27	3	-99.88290
27	4	-99.84792
27	5	-99.81618
27	6	-99.78818
27	7	-99.76430
27	8	-99.74473
27	9	-99.72952
27	10	-99.71859
27	11	-99.71174
27	12	-99.70866
27	13	-99.70899
27	14	-99.71232
27	15	-99.71823
27	16	-99.72629
27	17	-99.73607
27	18	-99.74718
27	19	-99.75927
27	20	-99.77201
27	21	-99.78513
27	22	-99.79837
27	23	-99.81155
27	24	-99.82450
27	25	-99.83708
27	26	-99.84921
27	27	-99.86080
27	28	-99.87181
27	29	-99.88220
27	30	-99.89196
27	31	-99.90109
27	32	-99.90959
27	33	-99.91748
27	34	-99.92478
27	35	-99.93151
27	36	-99.93771
27	37	-99.94340
27	38	-99.94862
27	39	-99.95339
27	40	-99.95774
27	41	-99.96172
27	42	-99.96534
27	43	-99.96863
27	44	-99.97163
27	45	-99.97435
27	46	-99.97682
27	47	-99.97905
27	48	-99.98108
27	49	-99.98292
27	50	-99.98458
27	51	-99.98608
27	52	-99.98744
27	53	-99.98867
27	54	-99.98978
27	55	-99.99078
27	56	-99.99169
27	57	-99.99251
27	58	-99.99324
27	59	-99.99391
27	60	-99.99451
27	61	-99.99505
27	62	-99.99554
27	63	-99.99598
27	64	-99.99638
27	65	-99.99674
27	66	-99.99706
27	67	-99.99735
27	68	-99.99762
27	69	-99.99785
27	70	-99.99807
27	71	-99.99826
27	72	-99.99843
27	73	-99.99859
27	74	-99.99873
27	75	-99.99886
27	76	-99.99897
27	77	-99.99907
27	78	-99.99917
27	79	-99.99925
27	80	-99.99933
27	81	-99.99940
27	82	-99.99946
27	83	-99.99952
27	84	-99.99957
27	85	-99.99961
27	86	-99.99966
27	87	-99.99969
27	88	-99.99973
27	89	-99.99976
27	90	-99.99979
27	91	-99.99982
27	92	-99.99984
27	93	-99.99987
27	94	-99.99989
27	95	-99.99991
27	96	-99.99993
27	97	-99.99995
27	98	-99.99996
27	99	-99.99998
27	100	-100.00000
28	0	-100.00000
28	1	-99.97366
28	2	-99.94791
28	3	-99.92330
28	4	-99.90034
28	5	-99.87946
28	6	-99.86099
28	7	-99.84519
28	8	-99.83217
28	9	-99.82200
28	10	-99.81461
28	11	-99.80989
28	12	-99.80764
28	13	-99.80765
28	14	-99.80964
28	15	-99.81335
28	16	-99.81849
28	17	-99.82480
28	18	-99.83201
28	19	-99.83990
28	20	-99.84824
28	21	-99.85684
28	22	-99.86556
28	23	-99.87426
28	24	-99.88281
28	25	-99.89115
28	26	-99.89919
28	27	-99.90689
28	28	-99.91421
28	29	-99.92112
28	30	-99.92763
28	31	-99.93372
28	32	-99.93939
28	33	-99.94466
28	34	-99.94954
28	35	-99.95404
28	36	-99.95819
28	37	-99.96200
28	38	-99.96550
28	39	-99.96869
28	40	-99.97162
28	41	-99.97428
28	42	-99.97671
28	43	-99.97892
28	44	-99.98093
28	45	-99.98276
28	46	-99.98442
28	47	-99.98592
28	48	-99.98728
28	49	-99.98851
28	50	-99.98963
28	51	-99.99064
28	52	-99.99155
28	53	-99.99238
28	54	-99.99313
28	55	-99.99380
28	56	-99.99441
28	57	-99.99496
28	58	-99.99546
28	59	-99.99590
28	60	-99.99631
28	61	-99.99667
28	62	-99.99700
28	63	-99.99730
28	64	-99.99756
28	65	-99.99781
28	66	-99.99802
28	67	-99.99822
28	68	-99.99840
28	69	-99.99855
28	70	-99.99870
28	71	-99.99883
28	72	-99.99894
28	73	-99.99905
28	74	-99.99914
28	75	-99.99923
28	76	-99.99931
28	77	-99.99938
28	78	-99.99944
28	79	-99.99950
28	80	-99.99955
28	81	-99.99959
28	82	-99.99964
28	83	-99.99967
28	84	-99.99971
28	85	-99.99974
28	86	-99.99977
28	87	-99.99979
28	88	-99.99982
28	89	-99.99984
28	90	-99.99986
28	91	-99.99988
28	92	-99.99989
28	93	-99.99991
28	94	-99.99992
28	95	-99.99994
28	96	-99.99995
28	97	-99.99996
28	98	-99.99998
28	99	-99.99999
28	100	-100.00000
29	0	-100.00000
29	1	-99.98697
29	2	-99.97423
29	3	-99.96205
29	4	-99.95068
29	5	-99.94032
29	6	-99.93115
29	7	-99.92328
29	8	-99.91679
29	9	-99.91169
29	10	-99.90796
29	11	-99.90556
29	12	-99.90438
29	13	-99.90432
29	14	-99.90525
29	15	-99.90704
29	16	-99.90954
29	17	-99.91263
29	18	-99.91618
29	19	-99.92007
29	20	-99.92419
29	21	-99.92845
29	22	-99.93278
29	23	-99.93710
29	24	-99.94135
29	25	-99.94550
29	26	-99.94951
29	27	-99.95335
29	28	-99.95700
29	29	-99.96046
29	30	-99.96371
29	31	-99.96676
29	32	-99.96960
29	33	-99.97223
29	34	-99.97468
29	35	-99.97693
29	36	-99.97901
29	37	-99.98092
29	38	-99.98267
29	39	-99.98428
29	40	-99.98574
29	41	-99.98708
29	42	-99.98830
29	43	-99.98941
29	44	-99.99042
29	45	-99.99134
29	46	-99.99217
29	47	-99.99292
29	48	-99.99361
29	49	-99.99423
29	50	-99.99479
29	51	-99.99530
29	52	-99.99576
29	53	-99.99617
29	54	-99.99655
29	55	-99.99688
29	56	-99.99719
29	57	-99.99747
29	58	-99.99772
29	59	-99.99794
29	60	-99.99814
29	61	-99.99833
29	62	-99.99849
29	63	-99.99864
29	64	-99.99878
29	65	-99.99890
29	66	-99.99901
29	67	-99.99910
29	68	-99.99919
29	69	-99.99927
29	70	-99.99935
29	71	-99.99941
29	72	-99.99947
29	73	-99.99952
29	74	-99.99957
29	75	-99.99961
29	76	-99.99965
29	77	-99.99969
29	78	-99.99972
29	79	-99.99975
29	80	-99.99977
29	81	-99.99980
29	82	-99.99982
29	83	-99.99984
29	84	-99.99985
29	85	-99.99987
29	86	-99.99988
29	87	-99.99990
29	88	-99.99991
29	89	-99.99992
29	90	-99.99993
29	91	-99.99994
29	92	-99.99995
29	93	-99.99995
29	94	-99.99996
29	95	-99.99997
29	96	-99.99998
29	97	-99.99998
29	98	-99.99999
29	99	-99.99999
29	100	-100.00000
30	0	-100.00000
30	1	-100.00000
30	2	-100.00000
30	3	-100.00000
30	4	-100.00000
30	5	-100.00000
30	6	-100.00000
30	7	-100.00000
30	8	-100.00000
30	9	-100.00000
30	10	-100.00000
30	11	-100.00000
30	12	-100.00000
30	13	-100.00000
30	14	-100.00000
30	15	-100.00000
30	16	-100.00000
30	17	-100.00000
30	18	-100.00000
30	19	-100.00000
30	20	-100.00000
30	21	-100.00000
30	22	-100.00000
30	23	-100.00000
30	24	-100.00000
30	25	-100.00000
30	26	-100.00000
30	27	-100.00000
30	28	-100.00000
30	29	-100.00000
30	30	-100.00000
30	31	-100.00000
30	32	-100.00000
30	33	-100.00000
30	34	-100.00000
30	35	-100.00000
30	36	-100.00000
30	37	-100.00000
30	38	-100.00000
30	39	-100.00000
30	40	-100.00000
30	41	-100.00000
30	42	-100.00000
30	43	-100.00000
30	44	-100.00000
30	45	-100.00000
30	46	-100.00000
30	47	-100.00000
30	48	-100.00000
30	49	-100.00000
30	50	-100.00000
30	51	-100.00000
30	52	-100.00000
30	53	-100.00000
30	54	-100.00000
30	55	-100.00000
30	56	-100.00000
30	57	-100.00000
30	58	-100.00000
30	59	-100.00000
30	60	-100.00000
30	61	-100.00000
30	62	-100.00000
30	63	-100.00000
30	64	-100.00000
30	65	-100.00000
30	66	-100.00000
30	67	-100.00000
30	68	-100.00000
30	69	-100.00000
30	70	-100.00000
30	71	-100.00000
30	72	-100.00000
30	73	-100.00000
30	74	-100.00000
30	75	-100.00000
30	76	-100.00000
30	77	-100.00000
30	78	-100.00000
30	79	-100.00000
30	80	-100.00000
30	81	-100.00000
30	82	-100.00000
30	83	-100.00000
30	84	-100.00000
30	85	-100.00000
30	86	-100.00000
30	87	-100.00000
30	88	-100.00000
30	89	-100.00000
30	90	-100.00000
30	91	-100.00000
30	92	-100.00000
30	93	-100.00000
30	94	-100.00000
30	95	-100.00000
30	96	-100.00000
30	97	-100.00000
30	98	-100.00000
30	99	-100.00000
30	100	-100.00000
