0	0	-100.00000
0	1	-100.00000
0	2	-100.00000
0	3	-100.00000
0	4	-100.00000
0	5	-100.00000
0	6	-100.00000
0	7	-100.00000
0	8	-100.00000
0	9	-100.00000
0	10	-100.00000
0	11	-100.00000
0	12	-100.00000
0	13	-100.00000
0	14	-100.00000
0	15	-100.00000
0	16	-100.00000
0	17	-100.00000
0	18	-100.00000
0	19	-100.00000
0	20	-100.00000
1	0	-100.00000
1	1	15.00000
1	2	130.00000
1	3	43.82829
1	4	15.31317
1	5	-12.57562
1	6	-28.47129
1	7	-35.10692
1	8	-34.81376
1	9	-28.20266
1	10	-14.42247
1	11	8.29618
1	12	40.47898
1	13	74.61975
1	14	179.00000
1	15	74.00139
1	16	38.00557
1	17	-0.97911
1	18	-36.88127
1	19	-69.36206
1	20	-100.00000
2	0	-100.00000
2	1	130.00000
2	2	130.00000
2	3	130.00000
2	4	130.00000
2	5	62.85565
2	6	33.79737
2	7	22.85738
2	8	24.05455
2	9	36.42558
2	10	62.21662
2	11	107.12820
2	12	179.00000
2	13	179.00000
2	14	179.00000
2	15	179.00000
2	16	179.00000
2	17	94.95925
2	18	22.81611
2	19	-40.56699
2	20	-100.00000
3	0	-100.00000
3	1	130.00000
3	2	130.00000
3	3	130.00000
3	4	130.00000
3	5	100.20085
3	6	77.94775
3	7	68.68451
3	8	71.74899
3	9	87.63383
3	10	119.73516
3	11	179.00000
3	12	179.00000
3	13	179.00000
3	14	179.00000
3	15	179.00000
3	16	179.00000
3	17	179.00000
3	18	73.75345
3	19	-15.72202
3	20	-100.00000
4	0	-100.00000
4	1	130.00000
4	2	130.00000
4	3	130.00000
4	4	130.00000
4	5	130.00000
4	6	109.10828
4	7	102.18392
4	8	106.62307
4	9	122.62557
4	10	150.09018
4	11	179.00000
4	12	179.00000
4	13	179.00000
4	14	179.00000
4	15	179.00000
4	16	179.00000
4	17	179.00000
4	18	108.91973
4	19	3.92546
4	20	-100.00000
5	0	-100.00000
5	1	130.00000
5	2	130.00000
5	3	130.00000
5	4	130.00000
5	5	131.83008
5	6	126.30143
5	7	124.31983
5	8	129.93381
5	9	146.15521
5	10	179.00000
5	11	179.00000
5	12	179.00000
5	13	179.00000
5	14	179.00000
5	15	179.00000
5	16	179.00000
5	17	179.00000
5	18	179.00000
5	19	22.50412
5	20	-100.00000
6	0	-100.00000
6	1	130.00000
6	2	130.00000
6	3	130.00000
6	4	130.00000
6	5	141.01890
6	6	139.94755
6	7	138.86014
6	8	142.63715
6	9	153.06144
6	10	169.00783
6	11	179.00000
6	12	179.00000
6	13	179.00000
6	14	179.00000
6	15	179.00000
6	16	179.00000
6	17	179.00000
6	18	112.65346
6	19	7.09104
6	20	-100.00000
7	0	-100.00000
7	1	62.66667
7	2	130.00000
7	3	200.00000
7	4	173.07450
7	5	162.29798
7	6	153.60971
7	7	148.53603
7	8	148.69320
7	9	154.44556
7	10	164.96988
7	11	179.00000
7	12	179.00000
7	13	179.00000
7	14	179.00000
7	15	179.00000
7	16	179.00000
7	17	179.00000
7	18	85.52281
7	19	-6.79343
7	20	-100.00000
8	0	-100.00000
8	1	90.66667
8	2	200.00000
8	3	200.00000
8	4	200.00000
8	5	181.48882
8	6	163.65730
8	7	152.98105
8	8	149.15407
8	9	151.05774
8	10	157.42611
8	11	167.03002
8	12	179.00000
8	13	179.00000
8	14	179.00000
8	15	179.00000
8	16	179.00000
8	17	126.97737
8	18	57.23120
8	19	-19.78756
8	20	-100.00000
9	0	-100.00000
9	1	200.00000
9	2	200.00000
9	3	200.00000
9	4	200.00000
9	5	200.00000
9	6	166.54961
9	7	150.57680
9	8	143.88430
9	9	143.20522
9	10	146.64681
9	11	152.69396
9	12	159.80749
9	13	165.71742
9	14	179.00000
9	15	155.95294
9	16	134.18836
9	17	92.67829
9	18	36.21217
9	19	-29.58800
9	20	-100.00000
10	0	-100.00000
10	1	80.07598
10	2	200.00000
10	3	200.00000
10	4	200.00000
10	5	173.58788
10	6	151.96434
10	7	138.89225
10	8	132.60110
10	9	131.23203
10	10	133.26196
10	11	137.29151
10	12	141.81859
10	13	145.06219
10	14	145.35852
10	15	131.62339
10	16	109.12221
10	17	73.33525
10	18	24.52720
10	19	-34.77660
10	20	-100.00000
11	0	-100.00000
11	1	20.30394
11	2	118.27006
11	3	200.00000
11	4	162.46142
11	5	142.38719
11	6	128.82762
11	7	120.42676
11	8	116.39582
11	9	115.85984
11	10	117.87747
11	11	121.39153
11	12	125.11317
11	13	127.35424
11	14	125.74850
11	15	116.05988
11	16	97.34184
11	17	67.01331
11	18	23.33796
11	19	-34.04559
11	20	-100.00000
12	0	-100.00000
12	1	-17.13030
12	2	52.77631
12	3	101.23462
12	4	107.45849
12	5	104.67183
12	6	100.53219
12	7	97.59136
12	8	96.69556
12	9	97.93404
12	10	100.99658
12	11	105.28395
12	12	109.88834
12	13	113.49307
12	14	114.22138
12	15	109.52581
12	16	97.17196
12	17	74.03818
12	18	35.85693
12	19	-24.74373
12	20	-100.00000
13	0	-100.00000
13	1	-41.60143
13	2	8.73087
13	3	44.70366
13	4	61.46611
13	5	68.30944
13	6	71.03795
13	7	72.71093
13	8	74.86104
13	9	78.18419
13	10	82.89084
13	11	88.85935
13	12	95.66316
13	13	102.50835
13	14	108.11812
13	15	110.65000
13	16	107.78203
13	17	96.11051
13	18	70.79530
13	19	-0.78625
13	20	-100.00000
14	0	-100.00000
14	1	-58.00631
14	2	-20.95507
14	3	7.38306
14	4	25.39285
14	5	36.06186
14	6	42.59925
14	7	47.35336
14	8	51.85347
14	9	57.05083
14	10	63.52324
14	11	71.59946
14	12	81.39660
14	13	92.75904
14	14	105.09276
14	15	117.17403
14	16	127.19565
14	17	131.82654
14	18	152.00000
14	19	50.80344
14	20	-100.00000
15	0	-100.00000
15	1	-69.46873
15	2	-41.92791
15	3	-19.60921
15	4	-3.33963
15	5	7.94590
15	6	15.94383
15	7	22.24978
15	8	28.14865
15	9	34.64244
15	10	42.55183
15	11	52.61866
15	12	65.56472
15	13	82.03846
15	14	102.31983
15	15	125.75772
15	16	152.00000
15	17	152.00000
15	18	152.00000
15	19	152.00000
15	20	-100.00000
16	0	-100.00000
16	1	-77.94069
16	2	-57.67864
16	3	-40.55234
16	4	-27.08807
16	5	-16.88245
16	6	-9.01961
16	7	-2.44672
16	8	3.84892
16	9	10.81844
16	10	19.42296
16	11	30.75864
16	12	46.20516
16	13	67.51025
16	14	96.39039
16	15	131.53703
16	16	152.00000
16	17	152.00000
16	18	152.00000
16	19	152.00000
16	20	-100.00000
17	0	-100.00000
17	1	-84.61537
17	2	-70.29364
17	3	-57.83344
17	4	-47.57787
17	5	-39.36803
17	6	-32.69309
17	7	-26.86596
17	8	-21.12470
17	9	-14.64055
17	10	-6.43706
17	11	4.78778
17	12	20.98704
17	13	45.40697
17	14	84.19447
17	15	152.00000
17	16	152.00000
17	17	152.00000
17	18	152.00000
17	19	152.00000
17	20	-100.00000
18	0	-100.00000
18	1	-90.22716
18	2	-81.04708
18	3	-72.90992
18	4	-66.02194
18	5	-60.31869
18	6	-55.51878
18	7	-51.19932
18	8	-46.84121
18	9	-41.81888
18	10	-35.31845
18	11	-26.15751
18	12	-12.45174
18	13	8.93614
18	14	42.98049
18	15	94.91958
18	16	152.00000
18	17	152.00000
18	18	152.00000
18	19	152.00000
18	20	-100.00000
19	0	-100.00000
19	1	-95.24620
19	2	-90.75762
19	3	-86.73721
19	4	-83.28129
19	5	-80.36600
19	6	-77.86403
19	7	-75.57133
19	8	-73.22196
19	9	-70.47529
19	10	-66.86034
19	11	-61.64762
19	12	-53.57263
19	13	-40.19118
19	14	-16.12821
19	15	32.69784
19	16	152.00000
19	17	152.00000
19	18	152.00000
19	19	152.00000
19	20	-100.00000
20	0	-100.00000
20	1	-100.00000
20	2	-100.00000
20	3	-100.00000
20	4	-100.00000
20	5	-100.00000
20	6	-100.00000
20	7	-100.00000
20	8	-100.00000
20	9	-100.00000
20	10	-100.00000
20	11	-100.00000
20	12	-100.00000
20	13	-100.00000
20	14	-100.00000
20	15	-100.00000
20	16	-100.00000
20	17	-100.00000
20	18	-100.00000
20	19	-100.00000
20	20	-100.00000
