0	0	-100.00000
0	1	-100.00000
0	2	-100.00000
0	3	-100.00000
0	4	-100.00000
0	5	-100.00000
0	6	-100.00000
0	7	-100.00000
0	8	-100.00000
0	9	-100.00000
0	10	-100.00000
1	0	-100.00000
1	1	130.00000
1	2	130.00000
1	3	35.73564
1	4	18.96614
1	5	53.13653
1	6	179.00000
1	7	179.00000
1	8	179.00000
1	9	2.02953
1	10	-100.00000
2	0	-100.00000
2	1	130.00000
2	2	130.00000
2	3	93.97643
2	4	86.99238
2	5	114.57998
2	6	179.00000
2	7	179.00000
2	8	179.00000
2	9	29.11812
2	10	-100.00000
3	0	-100.00000
3	1	130.00000
3	2	130.00000
3	3	123.17772
3	4	120.44697
3	5	139.19100
3	6	179.00000
3	7	179.00000
3	8	179.00000
3	9	35.44295
3	10	-100.00000
4	0	-100.00000
4	1	200.00000
4	2	200.00000
4	3	148.28747
4	4	132.42676
4	5	142.73707
4	6	179.00000
4	7	179.00000
4	8	179.00000
4	9	33.65367
4	10	-100.00000
5	0	-100.00000
5	1	200.00000
5	2	200.00000
5	3	137.54539
5	4	118.23554
5	5	120.33052
5	6	131.95539
5	7	130.08846
5	8	105.65267
5	9	20.17172
5	10	-100.00000
6	0	-100.00000
6	1	39.31666
6	2	84.15658
6	3	83.65855
6	4	82.63950
6	5	88.39407
6	6	98.40259
6	7	103.74578
6	8	93.35050
6	9	41.38056
6	10	-100.00000
7	0	-100.00000
7	1	-26.88994
7	2	13.65113
7	3	30.29270
7	4	40.26986
7	5	52.20367
7	6	69.51512
7	7	93.14155
7	8	122.62301
7	9	152.00000
7	10	-100.00000
8	0	-100.00000
8	1	-60.52755
8	2	-32.95482
8	3	-16.40873
8	4	-4.05644
8	5	10.63564
8	6	34.31266
8	7	76.68229
8	8	152.00000
8	9	152.00000
8	10	-100.00000
9	0	-100.00000
9	1	-82.26542
9	2	-68.53415
9	3	-58.91635
9	4	-50.72253
9	5	-39.91733
9	6	-19.58243
9	7	27.27497
9	8	152.00000
9	9	152.00000
9	10	-100.00000
10	0	-100.00000
10	1	-100.00000
10	2	-100.00000
10	3	-100.00000
10	4	-100.00000
10	5	-100.00000
10	6	-100.00000
10	7	-100.00000
10	8	-100.00000
10	9	-100.00000
10	10	-100.00000
