0	0	-100.00000
0	1	-100.00000
0	2	-100.00000
0	3	-100.00000
0	4	-100.00000
0	5	-100.00000
0	6	-100.00000
0	7	-100.00000
0	8	-100.00000
0	9	-100.00000
0	10	-100.00000
0	11	-100.00000
0	12	-100.00000
0	13	-100.00000
0	14	-100.00000
0	15	-100.00000
0	16	-100.00000
0	17	-100.00000
0	18	-100.00000
0	19	-100.00000
0	20	-100.00000
0	21	-100.00000
0	22	-100.00000
0	23	-100.00000
0	24	-100.00000
0	25	-100.00000
0	26	-100.00000
0	27	-100.00000
0	28	-100.00000
0	29	-100.00000
0	30	-100.00000
0	31	-100.00000
0	32	-100.00000
0	33	-100.00000
0	34	-100.00000
0	35	-100.00000
0	36	-100.00000
0	37	-100.00000
0	38	-100.00000
0	39	-100.00000
0	40	-100.00000
1	0	-100.00000
1	1	-56.95888
1	2	-31.99628
1	3	-14.62824
1	4	1.23988
1	5	-10.41222
1	6	-19.89092
1	7	-27.57229
1	8	-36.97027
1	9	-45.74843
1	10	-52.93158
1	11	-58.36388
1	12	-62.20315
1	13	-64.68056
1	14	-65.99887
1	15	-66.29722
1	16	-65.64403
1	17	-64.04023
1	18	-61.42613
1	19	-57.69441
1	20	-52.71908
1	21	-46.41757
1	22	-38.85387
1	23	-30.31605
1	24	-21.10643
1	25	-10.97468
1	26	-2.21702
1	27	9.29801
1	28	24.38241
1	29	9.23163
1	30	-2.41094
1	31	-11.46387
1	32	-22.25442
1	33	-32.66870
1	34	-43.22541
1	35	-53.72543
1	36	-63.84485
1	37	-73.45268
1	38	-82.58882
1	39	-91.38275
1	40	-100.00000
2	0	-100.00000
2	1	4.16078
2	2	43.60198
2	3	72.24344
2	4	130.00000
2	5	77.00215
2	6	58.42082
2	7	46.57205
2	8	25.43965
2	9	6.90811
2	10	-7.61401
2	11	-18.32077
2	12	-25.76819
2	13	-30.52019
2	14	-33.01772
2	15	-33.54596
2	16	-32.23868
2	17	-29.09076
2	18	-23.96989
2	19	-16.63241
2	20	-6.76434
2	21	5.90267
2	22	21.31815
2	23	38.69611
2	24	56.86500
2	25	79.42473
2	26	92.80859
2	27	115.02665
2	28	179.00000
2	29	114.95503
2	30	92.58849
2	31	78.80988
2	32	55.11489
2	33	34.80503
2	34	13.49247
2	35	-7.83143
2	36	-28.20131
2	37	-47.37706
2	38	-65.51985
2	39	-82.94218
2	40	-100.00000
3	0	-100.00000
3	1	130.00000
3	2	130.00000
3	3	130.00000
3	4	130.00000
3	5	130.00000
3	6	130.00000
3	7	130.00000
3	8	85.24872
3	9	55.55524
3	10	33.88819
3	11	18.46301
3	12	7.97136
3	13	1.38570
3	14	-2.00586
3	15	-2.63023
3	16	-0.67398
3	17	3.88578
3	18	11.26974
3	19	21.89898
3	20	36.39147
3	21	55.47442
3	22	79.52770
3	23	106.91735
3	24	130.44559
3	25	179.00000
3	26	179.00000
3	27	179.00000
3	28	179.00000
3	29	179.00000
3	30	179.00000
3	31	179.00000
3	32	129.09909
3	33	103.28146
3	34	70.22170
3	35	37.10853
3	36	6.24811
3	37	-22.33439
3	38	-49.17133
3	39	-74.86613
3	40	-100.00000
4	0	-100.00000
4	1	130.00000
4	2	130.00000
4	3	130.00000
4	4	130.00000
4	5	130.00000
4	6	130.00000
4	7	130.00000
4	8	130.00000
4	9	96.17594
4	10	69.14853
4	11	50.31324
4	12	37.80492
4	13	30.09749
4	14	26.23880
4	15	25.70490
4	16	28.28720
4	17	34.03810
4	18	43.26410
4	19	56.56714
4	20	74.95680
4	21	100.07584
4	22	134.40089
4	23	179.00000
4	24	179.00000
4	25	179.00000
4	26	179.00000
4	27	179.00000
4	28	179.00000
4	29	179.00000
4	30	179.00000
4	31	179.00000
4	32	179.00000
4	33	179.00000
4	34	127.00436
4	35	79.79574
4	36	38.41960
4	37	0.96272
4	38	-33.96496
4	39	-67.35100
4	40	-100.00000
5	0	-100.00000
5	1	130.00000
5	2	130.00000
5	3	130.00000
5	4	130.00000
5	5	130.00000
5	6	130.00000
5	7	130.00000
5	8	130.00000
5	9	130.00000
5	10	96.21674
5	11	75.83652
5	12	62.83758
5	13	54.96055
5	14	51.15867
5	15	50.92382
5	16	54.07978
5	17	60.71534
5	18	71.18141
5	19	86.14867
5	20	106.79276
5	21	135.47125
5	22	179.00000
5	23	179.00000
5	24	179.00000
5	25	179.00000
5	26	179.00000
5	27	179.00000
5	28	179.00000
5	29	179.00000
5	30	179.00000
5	31	179.00000
5	32	179.00000
5	33	179.00000
5	34	179.00000
5	35	116.65046
5	36	66.67183
5	37	21.73063
5	38	-20.30023
5	39	-60.57292
5	40	-100.00000
6	0	-100.00000
6	1	130.00000
6	2	130.00000
6	3	130.00000
6	4	130.00000
6	5	130.00000
6	6	130.00000
6	7	130.00000
6	8	130.00000
6	9	130.00000
6	10	109.88190
6	11	93.97853
6	12	82.74833
6	13	75.74844
6	14	72.51152
6	15	72.75194
6	16	76.39276
6	17	83.56209
6	18	94.59751
6	19	110.05337
6	20	130.59433
6	21	156.01640
6	22	179.00000
6	23	179.00000
6	24	179.00000
6	25	179.00000
6	26	179.00000
6	27	179.00000
6	28	179.00000
6	29	179.00000
6	30	179.00000
6	31	179.00000
6	32	179.00000
6	33	179.00000
6	34	179.00000
6	35	141.13428
6	36	89.88665
6	37	39.58819
6	38	-8.39366
6	39	-54.64044
6	40	-100.00000
7	0	-100.00000
7	1	130.00000
7	2	130.00000
7	3	130.00000
7	4	130.00000
7	5	130.00000
7	6	130.00000
7	7	130.00000
7	8	130.00000
7	9	130.00000
7	10	119.33232
7	11	107.44737
7	12	98.42877
7	13	92.77335
7	14	90.38705
7	15	91.17966
7	16	95.17722
7	17	102.54273
7	18	113.59319
7	19	128.87296
7	20	149.51480
7	21	179.00000
7	22	179.00000
7	23	179.00000
7	24	179.00000
7	25	179.00000
7	26	179.00000
7	27	179.00000
7	28	179.00000
7	29	179.00000
7	30	179.00000
7	31	179.00000
7	32	179.00000
7	33	179.00000
7	34	179.00000
7	35	179.00000
7	36	112.15229
7	37	55.12913
7	38	1.77784
7	39	-49.59518
7	40	-100.00000
8	0	-100.00000
8	1	130.00000
8	2	130.00000
8	3	130.00000
8	4	130.00000
8	5	130.00000
8	6	130.00000
8	7	130.00000
8	8	130.00000
8	9	130.00000
8	10	130.00000
8	11	118.04987
8	12	110.74604
8	13	106.52915
8	14	105.08366
8	15	106.40242
8	16	110.59372
8	17	117.83843
8	18	128.35955
8	19	142.33049
8	20	159.59191
8	21	179.00000
8	22	179.00000
8	23	179.00000
8	24	179.00000
8	25	179.00000
8	26	179.00000
8	27	179.00000
8	28	179.00000
8	29	179.00000
8	30	179.00000
8	31	179.00000
8	32	179.00000
8	33	179.00000
8	34	179.00000
8	35	179.00000
8	36	124.59341
8	37	66.99819
8	38	9.97106
8	39	-45.51810
8	40	-100.00000
9	0	-100.00000
9	1	130.00000
9	2	130.00000
9	3	130.00000
9	4	130.00000
9	5	130.00000
9	6	130.00000
9	7	130.00000
9	8	130.00000
9	9	130.00000
9	10	128.64808
9	11	124.00606
9	12	119.97637
9	13	117.51354
9	14	117.01601
9	15	118.75265
9	16	122.95682
9	17	129.85773
9	18	139.67610
9	19	152.49753
9	20	167.52236
9	21	179.00000
9	22	179.00000
9	23	179.00000
9	24	179.00000
9	25	179.00000
9	26	179.00000
9	27	179.00000
9	28	179.00000
9	29	179.00000
9	30	179.00000
9	31	179.00000
9	32	179.00000
9	33	179.00000
9	34	179.00000
9	35	179.00000
9	36	140.22314
9	37	78.29915
9	38	16.62632
9	39	-42.44829
9	40	-100.00000
10	0	-100.00000
10	1	130.00000
10	2	130.00000
10	3	130.00000
10	4	130.00000
10	5	130.00000
10	6	130.00000
10	7	130.00000
10	8	130.00000
10	9	130.00000
10	10	130.58625
10	11	129.34994
10	12	127.63983
10	13	126.53263
10	14	126.71420
10	15	128.63536
10	16	132.62316
10	17	138.95957
10	18	147.98959
10	19	160.46116
10	20	179.00000
10	21	179.00000
10	22	179.00000
10	23	179.00000
10	24	179.00000
10	25	179.00000
10	26	179.00000
10	27	179.00000
10	28	179.00000
10	29	179.00000
10	30	179.00000
10	31	179.00000
10	32	179.00000
10	33	179.00000
10	34	179.00000
10	35	179.00000
10	36	179.00000
10	37	89.34896
10	38	20.68337
10	39	-40.90139
10	40	-100.00000
11	0	-100.00000
11	1	130.00000
11	2	130.00000
11	3	130.00000
11	4	130.00000
11	5	130.00000
11	6	130.00000
11	7	130.00000
11	8	130.00000
11	9	130.00000
11	10	134.34697
11	11	135.16763
11	12	134.70037
11	13	134.26296
11	14	134.67279
11	15	136.45143
11	16	139.94089
11	17	145.36780
11	18	152.86154
11	19	162.35752
11	20	172.93334
11	21	179.00000
11	22	179.00000
11	23	179.00000
11	24	179.00000
11	25	179.00000
11	26	179.00000
11	27	179.00000
11	28	179.00000
11	29	179.00000
11	30	179.00000
11	31	179.00000
11	32	179.00000
11	33	179.00000
11	34	179.00000
11	35	179.00000
11	36	140.97257
11	37	79.41332
11	38	17.65959
11	39	-41.84065
11	40	-100.00000
12	0	-100.00000
12	1	130.00000
12	2	130.00000
12	3	130.00000
12	4	130.00000
12	5	130.00000
12	6	130.00000
12	7	130.00000
12	8	130.00000
12	9	138.16460
12	10	141.63399
12	11	142.27323
12	12	141.73107
12	13	141.14605
12	14	141.26258
12	15	142.55669
12	16	145.32116
12	17	149.70919
12	18	155.73125
12	19	163.17402
12	20	171.37586
12	21	179.00000
12	22	179.00000
12	23	179.00000
12	24	179.00000
12	25	179.00000
12	26	179.00000
12	27	179.00000
12	28	179.00000
12	29	179.00000
12	30	179.00000
12	31	179.00000
12	32	179.00000
12	33	179.00000
12	34	179.00000
12	35	179.00000
12	36	126.47698
12	37	69.67216
12	38	12.38233
12	39	-44.12079
12	40	-100.00000
13	0	-100.00000
13	1	130.00000
13	2	130.00000
13	3	130.00000
13	4	130.00000
13	5	130.00000
13	6	130.00000
13	7	130.00000
13	8	145.86822
13	9	151.02439
13	10	151.75118
13	11	150.56022
13	12	148.80462
13	13	147.32760
13	14	146.67479
13	15	147.19158
13	16	149.07789
13	17	152.41654
13	18	157.18027
13	19	163.23146
13	20	170.39608
13	21	179.00000
13	22	179.00000
13	23	179.00000
13	24	179.00000
13	25	179.00000
13	26	179.00000
13	27	179.00000
13	28	179.00000
13	29	179.00000
13	30	179.00000
13	31	179.00000
13	32	179.00000
13	33	179.00000
13	34	179.00000
13	35	179.00000
13	36	116.26318
13	37	60.41601
13	38	6.31835
13	39	-47.02484
13	40	-100.00000
14	0	-100.00000
14	1	33.57144
14	2	95.75594
14	3	127.65475
14	4	130.00000
14	5	165.00000
14	6	200.00000
14	7	175.61212
14	8	172.44848
14	9	168.31358
14	10	163.78611
14	11	159.41185
14	12	155.59958
14	13	152.68494
14	14	150.91738
14	15	150.45695
14	16	151.38229
14	17	153.69880
14	18	157.34182
14	19	162.17546
14	20	167.97700
14	21	174.26852
14	22	179.00000
14	23	179.00000
14	24	179.00000
14	25	179.00000
14	26	179.00000
14	27	179.00000
14	28	179.00000
14	29	179.00000
14	30	179.00000
14	31	179.00000
14	32	179.00000
14	33	179.00000
14	34	179.00000
14	35	146.74521
14	36	99.15972
14	37	49.41034
14	38	-0.50010
14	39	-50.29692
14	40	-100.00000
15	0	-100.00000
15	1	8.52981
15	2	91.79756
15	3	154.86308
15	4	200.00000
15	5	200.00000
15	6	200.00000
15	7	200.00000
15	8	200.00000
15	9	185.99535
15	10	175.66782
15	11	167.70150
15	12	161.49693
15	13	156.89519
15	14	153.85286
15	15	152.33654
15	16	152.29553
15	17	153.65456
15	18	156.31274
15	19	160.15157
15	20	165.06793
15	21	171.09707
15	22	179.00000
15	23	179.00000
15	24	179.00000
15	25	179.00000
15	26	179.00000
15	27	179.00000
15	28	179.00000
15	29	179.00000
15	30	179.00000
15	31	179.00000
15	32	179.00000
15	33	179.00000
15	34	179.00000
15	35	129.82113
15	36	84.22017
15	37	38.56572
15	38	-7.43217
15	39	-53.66273
15	40	-100.00000
16	0	-100.00000
16	1	8.75026
16	2	108.04141
16	3	200.00000
16	4	200.00000
16	5	200.00000
16	6	200.00000
16	7	200.00000
16	8	200.00000
16	9	200.00000
16	10	185.18834
16	11	174.22938
16	12	165.79144
16	13	159.54604
16	14	155.26234
16	15	152.74080
16	16	151.80874
16	17	152.31115
16	18	154.10301
16	19	157.05015
16	20	161.04609
16	21	166.05183
16	22	172.12823
16	23	179.00000
16	24	179.00000
16	25	179.00000
16	26	179.00000
16	27	179.00000
16	28	179.00000
16	29	179.00000
16	30	179.00000
16	31	179.00000
16	32	179.00000
16	33	179.00000
16	34	147.38133
16	35	109.31915
16	36	69.33410
16	37	28.06455
16	38	-14.13157
16	39	-56.92183
16	40	-100.00000
17	0	-100.00000
17	1	18.42982
17	2	131.61781
17	3	200.00000
17	4	200.00000
17	5	200.00000
17	6	200.00000
17	7	200.00000
17	8	200.00000
17	9	200.00000
17	10	190.85615
17	11	178.23624
17	12	167.89341
17	13	160.23521
17	14	154.90963
17	15	151.55560
17	16	149.88748
17	17	149.67831
17	18	150.73799
17	19	152.89995
17	20	156.01443
17	21	159.93595
17	22	164.46108
17	23	169.09603
17	24	172.67133
17	25	179.00000
17	26	179.00000
17	27	179.00000
17	28	179.00000
17	29	179.00000
17	30	179.00000
17	31	179.00000
17	32	162.06215
17	33	147.32994
17	34	122.20618
17	35	90.74004
17	36	55.73253
17	37	18.48993
17	38	-20.23682
17	39	-59.89304
17	40	-100.00000
18	0	-100.00000
18	1	33.35121
18	2	200.00000
18	3	200.00000
18	4	200.00000
18	5	200.00000
18	6	200.00000
18	7	200.00000
18	8	200.00000
18	9	200.00000
18	10	200.00000
18	11	179.96604
18	12	167.31075
18	13	158.59174
18	14	152.58538
18	15	148.68450
18	16	146.50727
18	17	145.77660
18	18	146.27068
18	19	147.79724
18	20	150.17572
18	21	153.21644
18	22	156.68412
18	23	160.25172
18	24	163.58930
18	25	167.10450
18	26	169.06985
18	27	171.70861
18	28	179.00000
18	29	169.18997
18	30	163.35213
18	31	156.32796
18	32	142.91865
18	33	126.05143
18	34	103.37341
18	35	75.70230
18	36	44.36604
18	37	10.39948
18	38	-25.41260
18	39	-62.41350
18	40	-100.00000
19	0	-100.00000
19	1	14.97503
19	2	128.03608
19	3	200.00000
19	4	200.00000
19	5	200.00000
19	6	200.00000
19	7	200.00000
19	8	200.00000
19	9	200.00000
19	10	188.58971
19	11	174.31718
19	12	162.79179
19	13	154.23563
19	14	148.15565
19	15	144.08973
19	16	141.68050
19	17	140.65015
19	18	140.77091
19	19	141.84259
19	20	143.67477
19	21	146.07000
19	22	148.80722
19	23	151.63742
19	24	154.32966
19	25	156.75886
19	26	158.46629
19	27	159.76458
19	28	160.36418
19	29	155.40777
19	30	148.89059
19	31	140.04105
19	32	127.23306
19	33	110.58371
19	34	89.53374
19	35	64.32972
19	36	35.62984
19	37	4.15455
19	38	-29.39956
19	39	-64.34835
19	40	-100.00000
20	0	-100.00000
20	1	-1.48716
20	2	97.16927
20	3	200.00000
20	4	200.00000
20	5	200.00000
20	6	200.00000
20	7	200.00000
20	8	200.00000
20	9	200.00000
20	10	180.04166
20	11	165.92118
20	12	155.30360
20	13	147.40336
20	14	141.71185
20	15	137.83827
20	16	135.47486
20	17	134.37257
20	18	134.32022
20	19	135.12746
20	20	136.61076
20	21	138.58155
20	22	140.83737
20	23	143.16108
20	24	145.33305
20	25	147.13499
20	26	148.27186
20	27	148.51925
20	28	147.28438
20	29	143.18632
20	30	136.76142
20	31	127.71260
20	32	115.38884
20	33	99.51660
20	34	79.84811
20	35	56.45302
20	36	29.66903
20	37	-0.01155
20	38	-31.99185
20	39	-65.58035
20	40	-100.00000
21	0	-100.00000
21	1	-18.09295
21	2	62.12816
21	3	138.00196
21	4	200.00000
21	5	200.00000
21	6	200.00000
21	7	200.00000
21	8	200.00000
21	9	180.81945
21	10	165.65573
21	11	154.02230
21	12	145.09807
21	13	138.36235
21	14	133.45011
21	15	130.07665
21	16	128.00811
21	17	127.04506
21	18	127.00994
21	19	127.73626
21	20	129.05928
21	21	130.80805
21	22	132.79962
21	23	134.83647
21	24	136.70649
21	25	138.17617
21	26	138.96692
21	27	138.75618
21	28	137.06777
21	29	133.29171
21	30	127.25616
21	31	118.65909
21	32	107.09309
21	33	92.24574
21	34	73.88908
21	35	51.96520
21	36	26.60482
21	37	-1.87792
21	38	-32.97593
21	39	-65.98120
21	40	-100.00000
22	0	-100.00000
22	1	-33.01280
22	2	31.43437
22	3	89.87968
22	4	136.48435
22	5	164.07030
22	6	200.00000
22	7	177.31105
22	8	168.31670
22	9	157.62207
22	10	147.73951
22	11	139.41422
22	12	132.70401
22	13	127.49787
22	14	123.64959
22	15	121.01011
22	16	119.43585
22	17	118.78962
22	18	118.93822
22	19	119.74837
22	20	121.08205
22	21	122.79177
22	22	124.71657
22	23	126.67871
22	24	128.48025
22	25	129.89630
22	26	130.66347
22	27	130.47079
22	28	128.93879
22	29	125.65660
22	30	120.31243
22	31	112.57449
22	32	102.07870
22	33	88.48420
22	34	71.49726
22	35	50.91390
22	36	26.66298
22	37	-1.12904
22	38	-32.05276
22	39	-65.36853
22	40	-100.00000
23	0	-100.00000
23	1	-45.39264
23	2	6.74245
23	3	53.59805
23	4	91.98742
23	5	119.79684
23	6	140.22337
23	7	140.92751
23	8	138.33366
23	9	133.61261
23	10	128.26603
23	11	123.19104
23	12	118.80590
23	13	115.27552
23	14	112.64028
23	15	110.87837
23	16	109.93556
23	17	109.73934
23	18	110.20493
23	19	111.23696
23	20	112.72877
23	21	114.56042
23	22	116.59619
23	23	118.68154
23	24	120.63950
23	25	122.26530
23	26	123.31988
23	27	123.52470
23	28	122.56002
23	29	120.08345
23	30	115.76247
23	31	109.24776
23	32	100.16301
23	33	88.11509
23	34	72.70188
23	35	53.53014
23	36	30.26223
23	37	2.75156
23	38	-28.73754
23	39	-63.44016
23	40	-100.00000
24	0	-100.00000
24	1	-55.30020
24	2	-12.66998
24	3	25.78264
24	4	58.07046
24	5	82.90625
24	6	100.16914
24	7	107.84197
24	8	110.47783
24	9	110.22870
24	10	108.52095
24	11	106.27803
24	12	104.05304
24	13	102.15803
24	14	100.75764
24	15	99.92751
24	16	99.68868
24	17	100.02727
24	18	100.90521
24	19	102.26577
24	20	104.03563
24	21	106.12496
24	22	108.42621
24	23	110.81178
24	24	113.13090
24	25	115.20553
24	26	116.82603
24	27	117.74813
24	28	117.69314
24	29	116.35472
24	30	113.40625
24	31	108.49105
24	32	101.21050
24	33	91.11129
24	34	77.66500
24	35	60.24256
24	36	38.10425
24	37	10.61059
24	38	-22.20882
24	39	-59.65456
24	40	-100.00000
25	0	-100.00000
25	1	-63.13818
25	2	-27.90481
25	3	4.13203
25	4	31.60551
25	5	53.58859
25	6	69.70495
25	7	79.79338
25	8	85.50699
25	9	88.30340
25	10	89.31103
25	11	89.34708
25	12	88.97019
25	13	88.54592
25	14	88.30473
25	15	88.38534
25	16	88.86440
25	17	89.77582
25	18	91.12288
25	19	92.88529
25	20	95.02302
25	21	97.47760
25	22	100.17190
25	23	103.00846
25	24	105.86679
25	25	108.59989
25	26	111.03058
25	27	112.94865
25	28	114.10967
25	29	114.23606
25	30	113.01674
25	31	110.09970
25	32	105.07665
25	33	97.45456
25	34	86.60429
25	35	71.67085
25	36	51.30160
25	37	23.79539
25	38	-11.05375
25	39	-52.96927
25	40	-100.00000
26	0	-100.00000
26	1	-69.34770
26	2	-39.94313
26	3	-12.95521
26	4	10.63096
26	5	30.13765
26	6	45.26869
26	7	56.11962
26	8	63.45336
26	9	68.16689
26	10	71.07269
26	11	72.82908
26	12	73.93473
26	13	74.75072
26	14	75.53002
26	15	76.44473
26	16	77.60775
26	17	79.08875
26	18	80.92518
26	19	83.12950
26	20	85.69354
26	21	88.59051
26	22	91.77534
26	23	95.18338
26	24	98.72790
26	25	102.29664
26	26	105.74777
26	27	108.90621
26	28	111.56086
26	29	113.46308
26	30	114.32497
26	31	113.81436
26	32	111.54183
26	33	107.02600
26	34	99.62675
26	35	88.53497
26	36	71.63590
26	37	44.32310
26	38	7.16769
26	39	-41.16875
26	40	-100.00000
27	0	-100.00000
27	1	-74.30949
27	2	-49.56479
27	3	-26.64072
27	4	-6.26409
27	5	11.06235
27	6	25.11255
27	7	35.96305
27	8	44.01992
27	9	49.83812
27	10	53.98376
27	11	56.96180
27	12	59.18893
27	13	60.99222
27	14	62.61991
27	15	64.25579
27	16	66.03313
27	17	68.04626
27	18	70.35959
27	19	73.01400
27	20	76.03112
27	21	79.41558
27	22	83.15558
27	23	87.22180
27	24	91.56481
27	25	96.11101
27	26	100.75766
27	27	105.36755
27	28	109.76446
27	29	113.73045
27	30	117.00568
27	31	119.29094
27	32	120.25032
27	33	119.48086
27	34	116.34174
27	35	111.20637
27	36	102.38393
27	37	74.69344
27	38	36.57015
27	39	-18.87343
27	40	-100.00000
28	0	-100.00000
28	1	-78.32549
28	2	-57.36581
28	3	-37.77880
28	4	-20.10893
28	5	-4.73672
28	6	8.15609
28	7	18.60011
28	8	26.82517
28	9	33.18191
28	10	38.06242
28	11	41.84545
28	12	44.86696
28	13	47.40933
28	14	49.70161
28	15	51.92541
28	16	54.22270
28	17	56.70357
28	18	59.45290
28	19	62.53580
28	20	66.00137
28	21	69.88511
28	22	74.20958
28	23	78.98344
28	24	84.19852
28	25	89.82493
28	26	95.80431
28	27	102.04187
28	28	108.39898
28	29	114.68858
28	30	120.67636
28	31	126.09339
28	32	130.68766
28	33	134.30538
28	34	135.05299
28	35	137.56484
28	36	152.00000
28	37	115.49659
28	38	83.29290
28	39	29.10487
28	40	-100.00000
29	0	-100.00000
29	1	-81.62666
29	2	-63.79414
29	3	-46.99976
29	4	-31.65611
29	5	-18.05640
29	6	-6.35156
29	7	3.45613
29	8	11.49872
29	9	18.00193
29	10	23.23857
29	11	27.49059
29	12	31.02414
29	13	34.07653
29	14	36.85178
29	15	39.52152
29	16	42.22871
29	17	45.09241
29	18	48.21267
29	19	51.67491
29	20	55.55345
29	21	59.91389
29	22	64.81420
29	23	70.30386
29	24	76.42090
29	25	83.18589
29	26	90.59276
29	27	98.59665
29	28	107.10102
29	29	115.94852
29	30	124.91781
29	31	133.71859
29	32	142.10156
29	33	152.00000
29	34	152.00000
29	35	152.00000
29	36	152.00000
29	37	152.00000
29	38	152.00000
29	39	152.00000
29	40	-100.00000
30	0	-100.00000
30	1	-84.38699
30	2	-69.18435
30	3	-54.76998
30	4	-41.45935
30	5	-29.48120
30	6	-18.96207
30	7	-9.92274
30	8	-2.28834
30	9	4.08851
30	10	9.39935
30	11	13.85421
30	12	17.66249
30	13	21.02087
30	14	24.10745
30	15	27.08019
30	16	30.07821
30	17	33.22469
30	18	36.63044
30	19	40.39772
30	20	44.62361
30	21	49.40283
30	22	54.82946
30	23	60.99691
30	24	67.99532
30	25	75.90497
30	26	84.78421
30	27	94.65094
30	28	105.45992
30	29	117.08667
30	30	129.32778
30	31	141.76159
30	32	152.00000
30	33	152.00000
30	34	152.00000
30	35	152.00000
30	36	152.00000
30	37	152.00000
30	38	152.00000
30	39	152.00000
30	40	-100.00000
31	0	-100.00000
31	1	-86.73696
31	2	-73.78629
31	3	-61.43644
31	4	-49.93012
31	5	-39.44699
31	6	-30.09276
31	7	-21.89670
31	8	-14.81784
31	9	-8.75889
31	10	-3.58390
31	11	0.86443
31	12	4.75072
31	13	8.23701
31	14	11.47697
31	15	14.61359
31	16	17.77926
31	17	21.09768
31	18	24.68670
31	19	28.66194
31	20	33.14044
31	21	38.24436
31	22	44.10389
31	23	50.85900
31	24	58.65850
31	25	67.65444
31	26	77.98816
31	27	89.76300
31	28	103.00106
31	29	117.61044
31	30	133.54504
31	31	152.00000
31	32	152.00000
31	33	152.00000
31	34	152.00000
31	35	152.00000
31	36	152.00000
31	37	152.00000
31	38	152.00000
31	39	152.00000
31	40	-100.00000
32	0	-100.00000
32	1	-88.77456
32	2	-77.78742
32	3	-67.25936
32	4	-57.37772
32	5	-48.28386
32	6	-40.06529
32	7	-32.75347
32	8	-26.32744
32	9	-20.72232
32	10	-15.84051
32	11	-11.56332
32	12	-7.76103
32	13	-4.30054
32	14	-1.05017
32	15	2.11793
32	16	5.32758
32	17	8.70005
32	18	12.35675
32	19	16.42287
32	20	21.03187
32	21	26.33027
32	22	32.48274
32	23	39.67669
32	24	48.12525
32	25	58.06615
32	26	69.75100
32	27	83.41183
32	28	99.17088
32	29	116.80901
32	30	135.24193
32	31	152.00000
32	32	152.00000
32	33	152.00000
32	34	152.00000
32	35	152.00000
32	36	152.00000
32	37	152.00000
32	38	152.00000
32	39	152.00000
32	40	-100.00000
33	0	-100.00000
33	1	-90.57385
33	2	-81.32948
33	3	-72.43586
33	4	-64.03754
33	5	-56.24545
33	6	-49.13107
33	7	-42.72444
33	8	-37.01614
33	9	-31.96243
33	10	-27.49249
33	11	-23.51616
33	12	-19.93101
33	13	-16.62795
33	14	-13.49503
33	15	-10.41930
33	16	-7.28693
33	17	-3.98179
33	18	-0.38264
33	19	3.64094
33	20	8.23390
33	21	13.56211
33	22	19.82012
33	23	27.23978
33	24	36.09967
33	25	46.73389
33	26	59.53785
33	27	74.96244
33	28	93.46161
33	29	115.21279
33	30	138.61368
33	31	152.00000
33	32	152.00000
33	33	152.00000
33	34	152.00000
33	35	152.00000
33	36	152.00000
33	37	152.00000
33	38	152.00000
33	39	152.00000
33	40	-100.00000
34	0	-100.00000
34	1	-92.19135
34	2	-84.52079
34	3	-77.11707
34	4	-70.09112
34	5	-63.52932
34	6	-57.48908
34	7	-51.99709
34	8	-47.05024
34	9	-42.61877
34	10	-38.65087
34	11	-35.07783
34	12	-31.81888
34	13	-28.78522
34	14	-25.88271
34	15	-23.01316
34	16	-20.07420
34	17	-16.95764
34	18	-13.54648
34	19	-9.71035
34	20	-5.29933
34	21	-0.13583
34	22	5.99583
34	23	13.36265
34	24	22.29974
34	25	33.23189
34	26	46.70408
34	27	63.43845
34	28	84.50035
34	29	111.96684
34	30	152.00000
34	31	152.00000
34	32	152.00000
34	33	152.00000
34	34	152.00000
34	35	152.00000
34	36	152.00000
34	37	152.00000
34	38	152.00000
34	39	152.00000
34	40	-100.00000
35	0	-100.00000
35	1	-93.67076
35	2	-87.44527
35	3	-81.42050
35	4	-75.68054
35	5	-70.29164
35	6	-65.29886
35	7	-60.72460
35	8	-56.56896
35	9	-52.81155
35	10	-49.41440
35	11	-46.32539
35	12	-43.48146
35	13	-40.81135
35	14	-38.23743
35	15	-35.67645
35	16	-33.03906
35	17	-30.22808
35	18	-27.13528
35	19	-23.63654
35	20	-19.58505
35	21	-14.80194
35	22	-9.06362
35	23	-2.08475
35	24	6.50475
35	25	17.18987
35	26	30.60814
35	27	47.58693
35	28	69.13450
35	29	96.15424
35	30	127.72423
35	31	152.00000
35	32	152.00000
35	33	152.00000
35	34	152.00000
35	35	152.00000
35	36	152.00000
35	37	152.00000
35	38	152.00000
35	39	152.00000
35	40	-100.00000
36	0	-100.00000
36	1	-95.04642
36	2	-90.16901
36	3	-85.43912
36	4	-80.91892
36	5	-76.65784
36	6	-72.69010
36	7	-69.03350
36	8	-65.68946
36	9	-62.64405
36	10	-59.86980
36	11	-57.32788
36	12	-54.97022
36	13	-52.74128
36	14	-50.57921
36	15	-48.41613
36	16	-46.17751
36	17	-43.78035
36	18	-41.13002
36	19	-38.11549
36	20	-34.60239
36	21	-30.42324
36	22	-25.36364
36	23	-19.14278
36	24	-11.38586
36	25	-1.58532
36	26	10.95167
36	27	27.16662
36	28	48.29649
36	29	75.79138
36	30	110.74268
36	31	152.00000
36	32	152.00000
36	33	152.00000
36	34	152.00000
36	35	152.00000
36	36	152.00000
36	37	152.00000
36	38	152.00000
36	39	152.00000
36	40	-100.00000
37	0	-100.00000
37	1	-96.34593
37	2	-92.74524
37	3	-89.24805
37	4	-85.89818
37	5	-82.73069
37	6	-79.77019
37	7	-77.02985
37	8	-74.51134
37	9	-72.20539
37	10	-70.09286
37	11	-68.14610
37	12	-66.33025
37	13	-64.60435
37	14	-62.92199
37	15	-61.23135
37	16	-59.47451
37	17	-57.58579
37	18	-55.48897
37	19	-53.09300
37	20	-50.28578
37	21	-46.92499
37	22	-42.82491
37	23	-37.73686
37	24	-31.32008
37	25	-23.09696
37	26	-12.38274
37	27	1.83140
37	28	21.09346
37	29	47.97210
37	30	87.45513
37	31	152.00000
37	32	152.00000
37	33	152.00000
37	34	152.00000
37	35	152.00000
37	36	152.00000
37	37	152.00000
37	38	152.00000
37	39	152.00000
37	40	-100.00000
38	0	-100.00000
38	1	-97.59204
38	2	-95.21798
38	3	-92.90967
38	4	-90.69504
38	5	-88.59657
38	6	-86.63011
38	7	-84.80436
38	8	-83.12065
38	9	-81.57330
38	10	-80.15016
38	11	-78.83342
38	12	-77.60034
38	13	-76.42389
38	14	-75.27305
38	15	-74.11278
38	16	-72.90340
38	17	-71.59933
38	18	-70.14705
38	19	-68.48177
38	20	-66.52274
38	21	-64.16605
38	22	-61.27414
38	23	-57.65969
38	24	-53.06062
38	25	-47.09972
38	26	-39.21708
38	27	-28.55175
38	28	-13.72616
38	29	7.54845
38	30	39.10572
38	31	86.60438
38	32	152.00000
38	33	152.00000
38	34	152.00000
38	35	152.00000
38	36	152.00000
38	37	152.00000
38	38	152.00000
38	39	152.00000
38	40	-100.00000
39	0	-100.00000
39	1	-98.80425
39	2	-97.62495
39	3	-96.47760
39	4	-95.37576
39	5	-94.33042
39	6	-93.34934
39	7	-92.43683
39	8	-91.59362
39	9	-90.81699
39	10	-90.10106
39	11	-89.43707
39	12	-88.81381
39	13	-88.21781
39	14	-87.63355
39	15	-87.04332
39	16	-86.42695
39	17	-85.76110
39	18	-85.01811
39	19	-84.16431
39	20	-83.15734
39	21	-81.94232
39	22	-80.44590
39	23	-78.56715
39	24	-76.16299
39	25	-73.02421
39	26	-68.83411
39	27	-63.09517
39	28	-54.99480
39	29	-43.15786
39	30	-25.18508
39	31	3.31181
39	32	51.82795
39	33	152.00000
39	34	152.00000
39	35	152.00000
39	36	152.00000
39	37	152.00000
39	38	152.00000
39	39	152.00000
39	40	-100.00000
40	0	-100.00000
40	1	-100.00000
40	2	-100.00000
40	3	-100.00000
40	4	-100.00000
40	5	-100.00000
40	6	-100.00000
40	7	-100.00000
40	8	-100.00000
40	9	-100.00000
40	10	-100.00000
40	11	-100.00000
40	12	-100.00000
40	13	-100.00000
40	14	-100.00000
40	15	-100.00000
40	16	-100.00000
40	17	-100.00000
40	18	-100.00000
40	19	-100.00000
40	20	-100.00000
40	21	-100.00000
40	22	-100.00000
40	23	-100.00000
40	24	-100.00000
40	25	-100.00000
40	26	-100.00000
40	27	-100.00000
40	28	-100.00000
40	29	-100.00000
40	30	-100.00000
40	31	-100.00000
40	32	-100.00000
40	33	-100.00000
40	34	-100.00000
40	35	-100.00000
40	36	-100.00000
40	37	-100.00000
40	38	-100.00000
40	39	-100.00000
40	40	-100.00000
