3.3478059e+05
2.4588506e+05
2.1104993e+05
1.8472686e+05
1.6807004e+05
1.4777328e+05
1.1253463e+05
9.9101076e+04
9.5031378e+04
8.0660456e+04
7.2192220e+04
7.0720699e+04
5.8458047e+04
5.8142850e+04
5.4290542e+04
5.0933438e+04
4.5407406e+04
4.4052069e+04
4.8647747e+04
3.9586091e+04
3.6831811e+04
3.4909924e+04
3.3192159e+04
3.1205675e+04
3.0610380e+04
2.8791474e+04
2.7888349e+04
2.6714160e+04
2.5436479e+04
2.3580981e+04
2.2597896e+04
2.1939174e+04
2.0457546e+04
2.0399316e+04
1.9375514e+04
1.8575508e+04
1.8663844e+04
1.6728510e+04
1.6010802e+04
1.6317580e+04
1.5574808e+04
1.5287315e+04
1.4390585e+04
1.3635641e+04
1.3255123e+04
1.2871802e+04
1.2419759e+04
1.1966077e+04
1.1555655e+04
1.1240091e+04
