5.789770e+02
4.957788e+02
4.591488e+02
4.295272e+02
4.104645e+02
3.848683e+02
3.353566e+02
3.152167e+02
3.083399e+02
2.837936e+02
2.685883e+02
2.661648e+02
2.416063e+02
2.411949e+02
2.332904e+02
2.261913e+02
2.129626e+02
2.096244e+02
2.018201e+02
1.986373e+02
1.915620e+02
1.865970e+02
1.819687e+02
1.770188e+02
1.746400e+02
1.697151e+02
1.668359e+02
1.634190e+02
1.595376e+02
1.535990e+02
1.500684e+02
1.480419e+02
1.433076e+02
1.422691e+02
1.393414e+02
1.363277e+02
1.323001e+02
1.295976e+02
1.277093e+02
1.267484e+02
1.248000e+02
1.234303e+02
1.196805e+02
1.168860e+02
1.147473e+02
1.133742e+02
1.113220e+02
1.095958e+02
1.073384e+02
1.048985e+02
