5.792432e+02
4.956939e+02
4.590363e+02
4.293725e+02
4.100999e+02
3.847537e+02
3.358690e+02
3.128864e+02
3.113517e+02
2.840798e+02
2.680578e+02
2.659930e+02
2.419956e+02
2.401011e+02
2.346888e+02
2.256365e+02
2.130314e+02
2.097991e+02
2.024909e+02
1.991485e+02
1.916358e+02
1.870397e+02
1.807532e+02
1.772041e+02
1.751942e+02
1.701167e+02
1.609157e+02
1.670913e+02
1.614375e+02
1.535787e+02
1.503103e+02
1.467465e+02
1.439193e+02
1.433113e+02
1.392852e+02
1.361504e+02
1.293898e+02
1.324332e+02
1.265173e+02
1.270978e+02
1.250891e+02
1.243506e+02
1.197360e+02
1.151288e+02
1.170970e+02
1.135450e+02
1.112548e+02
1.096606e+02
1.047025e+02
1.073329e+02
5.791957e+02
4.962437e+02
4.592286e+02
4.289068e+02
4.101501e+02
3.838755e+02
3.356069e+02
3.086754e+02
3.151814e+02
2.836182e+02
2.680090e+02
2.659543e+02
2.413901e+02
2.411943e+02
2.330460e+02
2.255697e+02
2.129074e+02
2.100003e+02
2.022916e+02
1.966780e+02
1.941558e+02
1.856658e+02
1.814935e+02
1.763643e+02
1.767185e+02
1.700277e+02
1.673251e+02
1.627020e+02
1.596697e+02
1.535639e+02
1.505765e+02
1.444666e+02
1.456603e+02
1.433244e+02
1.387037e+02
1.367424e+02
1.318252e+02
1.296419e+02
1.265471e+02
1.279530e+02
1.248834e+02
1.209232e+02
1.222617e+02
1.145246e+02
1.162037e+02
1.145138e+02
1.095824e+02
1.114620e+02
1.043515e+02
1.074548e+02
5.784698e+02
4.956099e+02
4.595433e+02
4.294017e+02
4.097031e+02
3.844298e+02
3.353032e+02
3.079053e+02
3.149840e+02
2.836145e+02
2.692806e+02
2.670224e+02
2.420345e+02
2.409068e+02
2.331365e+02
2.258306e+02
2.125630e+02
2.096672e+02
2.018406e+02
1.977717e+02
1.940591e+02
1.868310e+02
1.818734e+02
1.750136e+02
1.709458e+02
1.751707e+02
1.669659e+02
1.631244e+02
1.600128e+02
1.528249e+02
1.512547e+02
1.483505e+02
1.430192e+02
1.426554e+02
1.393249e+02
1.360833e+02
1.321885e+02
1.293963e+02
1.275453e+02
1.248333e+02
1.267832e+02
1.236585e+02
1.199360e+02
1.167407e+02
1.144020e+02
1.136337e+02
1.113232e+02
1.100829e+02
1.054614e+02
1.067217e+02
