Cargando Base de datos...
Cargando imagenes a testear...
Ejecutando metodo PCA...
0
0
0
0
0
0
0
0
0
0
0
0
0.003
0.0111905
0.00514286
0.000214286
0
0
0
0
0
0
0
0
0
0
0
0
0
0
0
0
0.000380952
0.00130952
0.0105476
0.0272619
0.0509048
0.0664048
0.129571
0.174119
0.19131
0.190595
0.196048
0.171357
0.164476
0.151714
0.10531
0.0607857
0.0450714
0.0154048
0.0105238
0.00504762
0
0
0
0
0
0
0.00152381
0.000690476
0.00733333
0.00902381
0.061119
0.151071
0.295857
0.533667
0.869381
1.34621
1.98143
2.6986
3.39012
3.80167
3.74007
3.33281
2.6845
1.99262
1.19586
0.60119
0.293833
0.0984762
0.0349524
0.00840476
0
0
0
0
0.00361905
0.00416667
0.0164048
0.0897619
0.235833
0.540738
1.19283
2.29286
3.76838
5.71388
7.75124
10.0489
12.0677
13.405
13.0727
11.5738
9.2955
6.70833
4.14002
2.26957
1.0919
0.424595
0.167976
0.0237381
0.00288095
0
0
0.000904762
0.0027381
0.0160714
0.0882619
0.38869
1.03005
2.4549
4.95321
8.67695
13.7995
20.3308
28.044
36.085
42.714
46.0923
44.5425
38.9485
30.9648
22.9095
14.8689
8.69162
4.55079
2.09988
0.838762
0.202762
0.0354762
0
0
0
0.00942857
0.048
0.411595
1.43833
3.55769
7.14993
12.9281
21.4199
32.2219
45.3635
60.1759
75.0106
86.2964
91.5881
89.4503
80.3026
65.762
49.6478
34.3905
21.4575
12.2281
6.37457
2.9061
0.793357
0.126048
0.000428571
0
9.52381e-05
0.0230952
0.228381
1.15455
3.26802
7.36705
14.1067
24.1275
37.8835
54.0076
72.0043
90.4712
107.539
119.7
124.895
121.896
111.648
95.5885
74.6015
53.7365
34.957
20.6955
11.124
5.25419
1.77343
0.345714
0.0250238
0
0.0178095
0.112476
0.621405
2.45214
5.98064
12.3886
22.3554
36.5975
54.735
74.7901
95.4205
112.99
126.256
133.591
135.492
132.896
125.996
112.654
92.7279
68.895
46.2092
27.6303
14.7929
6.7774
2.38069
0.485762
0.0215476
0.0012619
0.066619
0.383619
1.40055
3.97079
8.70386
16.9071
29.6367
47.379
69.1762
92.1177
110.215
120.604
123.885
123.23
121.983
122.219
121.775
116.123
100.185
76.631
52.0155
31.1612
15.8936
6.91252
2.48112
0.484524
0.0177381
0.00954762
0.0982619
0.55169
1.80457
4.648
9.88098
19.5447
34.5229
55.5553
79.8736
101.012
111.9
111.118
104.088
98.5284
98.8657
103.874
110.748
111.286
99.1356
76.6611
52.0986
30.8874
15.0426
5.8509
1.83786
0.330571
0.0312857
0.014881
0.0991429
0.540262
1.70898
4.3095
9.80569
20.4767
37.333
60.8754
85.2435
101.849
103.605
93.1808
82.0279
78.9232
83.987
93.7585
104.537
106.524
94.189
71.3902
47.8919
28.2074
13.4964
4.62724
1.15729
0.220119
0.0306667
0.00633333
0.0670476
0.439762
1.28786
3.56717
9.44081
21.0868
40.0672
65.1929
88.6477
99.9618
94.937
81.1418
72.9875
76.0051
85.5954
97.8239
108.004
105.679
88.6993
64.5876
42.461
25.3709
12.6635
4.13048
0.649238
0.135095
0.00964286
0.00388095
0.0350238
0.266571
0.895762
2.97781
9.55731
22.8516
44.0211
69.604
91.0862
98.9056
91.4234
79.7621
79.702
89.5058
102.124
113.927
118.463
107.826
84.265
58.3689
38.357
23.9853
12.9543
4.45948
0.475952
0.0744524
0.0109048
0.000761905
0.0135
0.129167
0.613095
2.81498
10.7003
25.7016
47.934
72.8262
91.7647
97.1479
91.1185
86.8401
96.8759
111.459
124.506
130.657
127.505
109.508
81.2714
55.3675
37.4762
24.2905
13.9044
5.25736
0.616048
0.0725238
0.012881
0
0.005
0.0524762
0.432095
2.93636
12.3615
28.5155
50.5701
73.5753
89.7311
94.5582
92.6753
97.1635
114.959
130.14
139.826
137.419
128.654
107.684
79.7505
56.3148
39.2446
25.7543
14.8586
5.84448
0.829643
0.0743333
0.00192857
0
0
0.0356667
0.478762
3.4771
14.3144
30.7834
51.0198
71.0987
85.1351
90.7801
93.7347
104.612
123.095
135.522
139.073
131.999
121.699
101.918
78.8582
58.8474
41.7308
27.1668
15.0964
5.89479
1.05812
0.143786
0.0109762
0
0.00188095
0.0665952
0.647429
4.44879
16.3514
32.2512
49.758
66.1966
77.7003
83.5529
88.8751
100.511
115.359
126.012
127.452
121.319
111.362
95.9309
78.3597
60.5197
42.6299
27.0532
14.3368
5.59036
1.24312
0.188595
0.020119
0
0.00371429
0.105143
0.967333
5.88817
18.1647
33.2813
48.0216
60.6198
69.4012
74.5902
80.2617
88.918
101.207
112.099
115.441
112.601
105.237
93.5313
78.6603
60.4121
41.5205
25.2493
12.819
5.05207
1.3279
0.204286
0.0180952
0.00264286
0.00533333
0.171571
1.50905
7.52302
20.1485
34.7214
48.3007
58.559
65.8583
71.4597
76.2679
82.621
94.345
106.081
112.592
112.15
105.99
94.6006
78.0955
57.8098
38.3976
22.6762
11.2896
4.45321
1.24645
0.162071
0.0110952
0
0.00959524
0.275714
2.03671
8.62388
21.5875
36.8781
51.1212
62.6063
71.2754
77.6121
82.1648
89.2641
100.335
112.426
118.649
117.186
108.681
93.4344
73.219
51.8456
33.2949
18.9462
9.12969
3.53555
1.02569
0.15981
0.00542857
0
0.00916667
0.323571
2.29431
8.57679
20.6619
36.9042
53.7426
68.987
81.3525
90.2087
97.621
106.248
116.96
125.559
126.731
119.67
105.256
85.0924
62.3012
41.469
25.2277
13.6563
6.50057
2.63362
0.754952
0.104214
0.00119048
0.000761905
0.00707143
0.272333
1.9071
6.75576
16.948
32.5595
51.388
70.4498
87.4476
101.017
112.375
122.588
130.813
132.982
126.342
111.617
90.9461
67.7061
46.1871
28.8205
16.2339
8.39733
4.12181
1.63462
0.42919
0.0657143
0.000928571
0.000738095
0.000333333
0.1705
1.15798
4.03005
10.9082
23.2579
40.245
60.6885
80.7883
98.9164
113.003
122.654
126.031
121.886
108.463
89.0616
66.8388
45.732
28.8587
16.686
8.9139
4.54774
2.10217
0.797119
0.201881
0.0233333
0.00171429
0
0
0.0606905
0.472857
1.80874
5.0264
12.0075
23.7088
39.8378
58.2919
76.5709
91.6235
99.9035
99.8187
91.5739
76.4699
58.1616
40.5949
25.6866
15.2062
8.41374
4.27495
2.10519
0.950619
0.309548
0.0647143
0.012381
0
0
0
0.0180476
0.138857
0.556714
1.63738
4.1519
8.92536
16.4164
26.3981
37.1404
46.2021
51.2351
51.0381
45.9339
37.2911
28.016
19.4376
12.16
7.31307
4.0005
1.99217
0.932738
0.404238
0.100262
0.0230714
0.0027619
0
0
0
0.0022381
0.0209048
0.148929
0.472881
1.30571
2.99052
5.84298
9.43869
13.4822
16.5561
18.1257
17.8992
16.1081
13.644
10.8939
8.05505
5.33367
3.18643
1.72112
0.835143
0.378738
0.146119
0.0244048
0.00509524
0.00247619
0
0
0
0
0
0.0350476
0.139667
0.503095
1.14633
2.16179
3.24345
4.63721
5.9795
6.6051
6.4436
5.6811
4.65695
3.77252
2.7489
1.79645
1.0899
0.56319
0.239571
0.0935238
0.0248333
0.000857143
0.00140476
0
0
0
0
0
0
0
0.00614286
0.0358333
0.0823571
0.114905
0.178714
0.301452
0.413643
0.513667
0.558833
0.677857
0.60281
0.489238
0.340214
0.219286
0.117095
0.0590238
0.0201905
0.0172381
0.00285714
0
0
0
0
